1	0.00000332			
1.1	0.00000346			
1.2	0.00000361			
1.3	0.00000376			
1.4	0.00000391			
1.5	0.00000404			
1.6	0.00000419			
1.7	0.00000431			
1.8	0.00000445			
1.9	0.00000458			
2	0.00000472			
2.1	0.00000485			
2.2	0.00000498			
2.3	0.00000511			
2.4	0.00000524			
2.5	0.00000538			
2.6	0.00000552			
2.7	0.00000562			
2.8	0.00000576			
2.9	0.00000589			
3	0.00000603			
3.1	0.00000616			
3.2	0.00000628			
3.3	0.00000639			
3.4	0.00000654			
3.5	0.00000666			
3.6	0.00000677			
3.7	0.00000692			
3.8	0.00000710			
3.9	0.00000720			
4	0.00000730			
4.1	0.00000740			
4.2	0.00000760			
4.3	0.00000770			
4.4	0.00000790			
4.5	0.00000780			
4.6	0.00000810			
4.7	0.00000820			
4.8	0.00000830			
4.9	0.00000850			
5	0.00000860			
5.1	0.00000870			
5.2	0.00000890			
5.3	0.00000900			
5.4	0.00000910			
5.5	0.00000920			
5.6	0.00000930			
5.7	0.00000950			
5.8	0.00000960			
5.9	0.00000970			
6	0.00000980			
6.1	0.00001000			
6.2	0.00001000			
6.3	0.00001020			
6.4	0.00001030			
6.5	0.00001040			
6.6	0.00001050			
6.7	0.00001070			
6.8	0.00001080			
6.9	0.00001090			
7	0.00001110			
7.1	0.00001120			
7.2	0.00001130			
7.3	0.00001140			
7.4	0.00001150			
7.5	0.00001170			
7.6	0.00001180			
7.7	0.00001190			
7.8	0.00001200			
7.9	0.00001220			
8	0.00001230			
8.1	0.00001240			
8.2	0.00001250			
8.3	0.00001260			
8.4	0.00001280			
8.5	0.00001290			
8.6	0.00001300			
8.7	0.00001310			
8.8	0.00001320			
8.9	0.00001340			
9	0.00001350			
9.1	0.00001360			
9.2	0.00001370			
9.3	0.00001380			
9.4	0.00001400			
9.5	0.00001410			
9.6	0.00001420			
9.7	0.00001430			
9.8	0.00001440			
9.9	0.00001460			
10	0.00001470			
10.1	0.00001480			
10.2	0.00001490			
10.3	0.00001500			
10.4	0.00001520			
10.5	0.00001530			
10.6	0.00001540			
10.7	0.00001550			
10.8	0.00001560			
10.9	0.00001580			
11	0.00001590			
11.1	0.00001600			
11.2	0.00001610			
11.3	0.00001630			
11.4	0.00001630			
11.5	0.00001650			
11.6	0.00001660			
11.7	0.00001670			
11.8	0.00001680			
11.9	0.00001700			
12	0.00001710			
12.1	0.00001720			
12.2	0.00001730			
12.3	0.00001750			
12.4	0.00001760			
12.5	0.00001770			
12.6	0.00001780			
12.7	0.00001800			
12.8	0.00001810			
12.9	0.00001820			
13	0.00001830			
13.1	0.00001840			
13.2	0.00001850			
13.3	0.00001860			
13.4	0.00001870			
13.5	0.00001890			
13.6	0.00001900			
13.7	0.00001910			
13.8	0.00001920			
13.9	0.00001940			
14	0.00001950			
14.1	0.00001960			
14.2	0.00001970			
14.3	0.00001990			
14.4	0.00002000			
14.5	0.00002000			
14.6	0.00002020			
14.7	0.00002030			
14.8	0.00002040			
14.9	0.00002060			
15	0.00002070			
15.1	0.00002080			
15.2	0.00002090			
15.3	0.00002100			
15.4	0.00002120			
15.5	0.00002130			
15.6	0.00002150			
15.7	0.00002160			
15.8	0.00002180			
15.9	0.00002190			
16	0.00002210			
16.1	0.00002220			
16.2	0.00002230			
16.3	0.00002230			
16.4	0.00002240			
16.5	0.00002250			
16.6	0.00002260			
16.7	0.00002290			
16.8	0.00002300			
16.9	0.00002310			
17	0.00002330			
17.1	0.00002330			
17.2	0.00002330			
17.3	0.00002340			
17.4	0.00002360			
17.5	0.00002380			
17.6	0.00002390			
17.7	0.00002400			
17.8	0.00002410			
17.9	0.00002420			
18	0.00002430			
18.1	0.00002440			
18.2	0.00002440			
18.3	0.00002450			
18.4	0.00002470			
18.5	0.00002480			
18.6	0.00002490			
18.7	0.00002510			
18.8	0.00002520			
18.9	0.00002550			
19	0.00002590			
19.1	0.00002590			
19.2	0.00002610			
19.3	0.00002640			
19.4	0.00002690			
19.5	0.00002680			
19.6	0.00002680			
19.7	0.00002740			
19.8	0.00002750			
19.9	0.00002720			
20	0.00002720			
20.1	0.00002730			
20.2	0.00002830			
20.3	0.00003000			
20.4	0.00003100			
20.5	0.00003160			
20.6	0.00003110			
20.7	0.00003010			
20.8	0.00002970			
20.9	0.00003010			
21	0.00003110			
21.1	0.00003280			
21.2	0.00003440			
21.3	0.00003460			
21.4	0.00003300			
21.5	0.00003150			
21.6	0.00003190			
21.7	0.00003150			
21.8	0.00003210			
21.9	0.00003490			
22	0.00003730			
22.1	0.00003480			
22.2	0.00003260			
22.3	0.00003340			
22.4	0.00003440			
22.5	0.00003300			
22.6	0.00003220			
22.7	0.00003170			
22.8	0.00003150			
22.9	0.00003160			
23	0.00003200			
23.1	0.00003280			
23.2	0.00003350			
23.3	0.00003330			
23.4	0.00003340			
23.5	0.00003370			
23.6	0.00003440			
23.7	0.00003480			
23.8	0.00003430			
23.9	0.00003340			
24	0.00003300			
24.1	0.00003280			
24.2	0.00003340			
24.3	0.00003290			
24.4	0.00003270			
24.5	0.00003280			
24.6	0.00003310			
24.7	0.00003320			
24.8	0.00003310			
24.9	0.00003310			
25	0.00003340			
25.1	0.00003370			
25.2	0.00003420			
25.3	0.00003430			
25.4	0.00003410			
25.5	0.00003410			
25.6	0.00003420			
25.7	0.00003420			
25.8	0.00003430			
25.9	0.00003470			
26	0.00003460			
26.1	0.00003450			
26.2	0.00003460			
26.3	0.00003470			
26.4	0.00003480			
26.5	0.00003500			
26.6	0.00003530			
26.7	0.00003550			
26.8	0.00003580			
26.9	0.00003570			
27	0.00003560			
27.1	0.00003560			
27.2	0.00003570			
27.3	0.00003600			
27.4	0.00003600			
27.5	0.00003640			
27.6	0.00003670			
27.7	0.00003670			
27.8	0.00003660			
27.9	0.00003660			
28	0.00003670			
28.1	0.00003670			
28.2	0.00003670			
28.3	0.00003690			
28.4	0.00003700			
28.5	0.00003700			
28.6	0.00003710			
28.7	0.00003720			
28.8	0.00003740			
28.9	0.00003750			
29	0.00003780			
29.1	0.00003790			
29.2	0.00003810			
29.3	0.00003800			
29.4	0.00003810			
29.5	0.00003810			
29.6	0.00003830			
29.7	0.00003840			
29.8	0.00003850			
29.9	0.00003860			
30	0.00003880			
30.1	0.00003900			
30.2	0.00003910			
30.3	0.00003930			
30.4	0.00003930			
30.5	0.00003930			
30.6	0.00003940			
30.7	0.00003950			
30.8	0.00003960			
30.9	0.00004000			
31	0.00004000			
31.1	0.00004010			
31.2	0.00004020			
31.3	0.00004030			
31.4	0.00004040			
31.5	0.00004050			
31.6	0.00004060			
31.7	0.00004060			
31.8	0.00004070			
31.9	0.00004090			
32	0.00004100			
32.1	0.00004120			
32.2	0.00004120			
32.3	0.00004150			
32.4	0.00004170			
32.5	0.00004190			
32.6	0.00004200			
32.7	0.00004200			
32.8	0.00004200			
32.9	0.00004220			
33	0.00004230			
33.1	0.00004250			
33.2	0.00004270			
33.3	0.00004270			
33.4	0.00004280			
33.5	0.00004310			
33.6	0.00004340			
33.7	0.00004350			
33.8	0.00004360			
33.9	0.00004360			
34	0.00004370			
34.1	0.00004380			
34.2	0.00004410			
34.3	0.00004420			
34.4	0.00004430			
34.5	0.00004440			
34.6	0.00004450			
34.7	0.00004460			
34.8	0.00004480			
34.9	0.00004490			
35	0.00004510			
35.1	0.00004510			
35.2	0.00004520			
35.3	0.00004530			
35.4	0.00004530			
35.5	0.00004530			
35.6	0.00004560			
35.7	0.00004560			
35.8	0.00004560			
35.9	0.00004580			
36	0.00004580			
36.1	0.00004600			
36.2	0.00004620			
36.3	0.00004630			
36.4	0.00004640			
36.5	0.00004650			
36.6	0.00004670			
36.7	0.00004680			
36.8	0.00004690			
36.9	0.00004710			
37	0.00004730			
37.1	0.00004740			
37.2	0.00004760			
37.3	0.00004780			
37.4	0.00004800			
37.5	0.00004830			
37.6	0.00004850			
37.7	0.00004860			
37.8	0.00004870			
37.9	0.00004880			
38	0.00004920			
38.1	0.00004920			
38.2	0.00004940			
38.3	0.00004940			
38.4	0.00004950			
38.5	0.00004950			
38.6	0.00004960			
38.7	0.00004970			
38.8	0.00004970			
38.9	0.00004980			
39	0.00004990			
39.1	0.00005000			
39.2	0.00005000			
39.3	0.00005030			
39.4	0.00005040			
39.5	0.00005060			
39.6	0.00005100			
39.7	0.00005100			
39.8	0.00005100			
39.9	0.00005100			
40	0.00005100			
40.1	0.00005200			
40.2	0.00005200			
40.3	0.00005200			
40.4	0.00005200			
40.5	0.00005300			
40.6	0.00005200			
40.7	0.00005300			
40.8	0.00005200			
40.9	0.00005200			
41	0.00005200			
41.1	0.00005200			
41.2	0.00005200			
41.3	0.00005300			
41.4	0.00005300			
41.5	0.00005300			
41.6	0.00005300			
41.7	0.00005300			
41.8	0.00005300			
41.9	0.00005400			
42	0.00005400			
42.1	0.00005400			
42.2	0.00005400			
42.3	0.00005400			
42.4	0.00005600			
42.5	0.00005700			
42.6	0.00005700			
42.7	0.00005500			
42.8	0.00005600			
42.9	0.00005600			
43	0.00005700			
43.1	0.00005800			
43.2	0.00005900			
43.3	0.00005900			
43.4	0.00005900			
43.5	0.00006000			
43.6	0.00006000			
43.7	0.00006100			
43.8	0.00006000			
43.9	0.00005900			
44	0.00005800			
44.1	0.00005800			
44.2	0.00005900			
44.3	0.00006000			
44.4	0.00006000			
44.5	0.00006000			
44.6	0.00006200			
44.7	0.00006200			
44.8	0.00006500			
44.9	0.00007100			
45	0.00007500			
45.1	0.00010200			
45.2	0.00009700			
45.3	0.00007400			
45.4	0.00006800			
45.5	0.00006400			
45.6	0.00006300			
45.7	0.00006400			
45.8	0.00006600			
45.9	0.00006500			
46	0.00006600			
46.1	0.00006800			
46.2	0.00006500			
46.3	0.00006500			
46.4	0.00006400			
46.5	0.00006300			
46.6	0.00006400			
46.7	0.00006600			
46.8	0.00006700			
46.9	0.00006700			
47	0.00006500			
47.1	0.00006400			
47.2	0.00006300			
47.3	0.00006300			
47.4	0.00006400			
47.5	0.00006400			
47.6	0.00006500			
47.7	0.00006400			
47.8	0.00006500			
47.9	0.00006400			
48	0.00006400			
48.1	0.00006400			
48.2	0.00006400			
48.3	0.00006300			
48.4	0.00006400			
48.5	0.00006400			
48.6	0.00006400			
48.7	0.00006500			
48.8	0.00006500			
48.9	0.00006400			
49	0.00006400			
49.1	0.00006400			
49.2	0.00006400			
49.3	0.00006400			
49.4	0.00006400			
49.5	0.00006400			
49.6	0.00006400			
49.7	0.00006400			
49.8	0.00006400			
49.9	0.00006400			
50	0.00006400			
50.1	0.00006400			
50.2	0.00006500			
50.3	0.00006500			
50.4	0.00006500			
50.5	0.00006500			
50.6	0.00006500			
50.7	0.00006500			
50.8	0.00006600			
50.9	0.00006600			
51	0.00006700			
51.1	0.00006600			
51.2	0.00006600			
51.3	0.00006600			
51.4	0.00006600			
51.5	0.00006700			
51.6	0.00006700			
51.7	0.00006700			
51.8	0.00006700			
51.9	0.00006700			
52	0.00006700			
52.1	0.00006800			
52.2	0.00006800			
52.3	0.00006800			
52.4	0.00006800			
52.5	0.00006800			
52.6	0.00006800			
52.7	0.00006800			
52.8	0.00006800			
52.9	0.00006800			
53	0.00006800			
53.1	0.00006800			
53.2	0.00006800			
53.3	0.00006800			
53.4	0.00006900			
53.5	0.00006900			
53.6	0.00006900			
53.7	0.00006900			
53.8	0.00006900			
53.9	0.00006900			
54	0.00006900			
54.1	0.00007000			
54.2	0.00007000			
54.3	0.00007000			
54.4	0.00007000			
54.5	0.00007000			
54.6	0.00007000			
54.7	0.00007000			
54.8	0.00007000			
54.9	0.00007000			
55	0.00007100			
55.1	0.00007100			
55.2	0.00007100			
55.3	0.00007100			
55.4	0.00007100			
55.5	0.00007100			
55.6	0.00007100			
55.7	0.00007100			
55.8	0.00007200			
55.9	0.00007200			
56	0.00007200			
56.1	0.00007200			
56.2	0.00007200			
56.3	0.00007200			
56.4	0.00007300			
56.5	0.00007300			
56.6	0.00007300			
56.7	0.00007300			
56.8	0.00007300			
56.9	0.00007300			
57	0.00007300			
57.1	0.00007300			
57.2	0.00007300			
57.3	0.00007300			
57.4	0.00007400			
57.5	0.00007400			
57.6	0.00007400			
57.7	0.00007400			
57.8	0.00007400			
57.9	0.00007500			
58	0.00007600			
58.1	0.00007600			
58.2	0.00007600			
58.3	0.00007600			
58.4	0.00007700			
58.5	0.00007800			
58.6	0.00008000			
58.7	0.00008300			
58.8	0.00008900			
58.9	0.00009500			
59	0.00010600			
59.1	0.00013200			
59.2	0.00016200			
59.3	0.00012700			
59.4	0.00010600			
59.5	0.00009500			
59.6	0.00009000			
59.7	0.00008700			
59.8	0.00008600			
59.9	0.00008500			
60	0.00008300			
60.1	0.00008200			
60.2	0.00008200			
60.3	0.00008100			
60.4	0.00008100			
60.5	0.00008000			
60.6	0.00008100			
60.7	0.00008000			
60.8	0.00008000			
60.9	0.00008000			
61	0.00008000			
61.1	0.00008000			
61.2	0.00008000			
61.3	0.00008100			
61.4	0.00008100			
61.5	0.00008100			
61.6	0.00008100			
61.7	0.00008100			
61.8	0.00008100			
61.9	0.00008100			
62	0.00008100			
62.1	0.00008100			
62.2	0.00008100			
62.3	0.00008100			
62.4	0.00008100			
62.5	0.00008200			
62.6	0.00008200			
62.7	0.00008200			
62.8	0.00008200			
62.9	0.00008200			
63	0.00008200			
63.1	0.00008200			
63.2	0.00008200			
63.3	0.00008200			
63.4	0.00008300			
63.5	0.00008300			
63.6	0.00008300			
63.7	0.00008300			
63.8	0.00008300			
63.9	0.00008300			
64	0.00008300			
64.1	0.00008300			
64.2	0.00008400			
64.3	0.00008400			
64.4	0.00008400			
64.5	0.00008400			
64.6	0.00008400			
64.7	0.00008400			
64.8	0.00008400			
64.9	0.00008500			
65	0.00008500			
65.1	0.00008500			
65.2	0.00008500			
65.3	0.00008500			
65.4	0.00008500			
65.5	0.00008500			
65.6	0.00008600			
65.7	0.00008600			
65.8	0.00008600			
65.9	0.00008600			
66	0.00008600			
66.1	0.00008600			
66.2	0.00008700			
66.3	0.00008800			
66.4	0.00008700			
66.5	0.00008700			
66.6	0.00008700			
66.7	0.00008800			
66.8	0.00008800			
66.9	0.00008800			
67	0.00008800			
67.1	0.00008800			
67.2	0.00008800			
67.3	0.00008800			
67.4	0.00008800			
67.5	0.00008800			
67.6	0.00008800			
67.7	0.00008800			
67.8	0.00008900			
67.9	0.00008900			
68	0.00008900			
68.1	0.00008900			
68.2	0.00008900			
68.3	0.00008900			
68.4	0.00009000			
68.5	0.00009000			
68.6	0.00009000			
68.7	0.00009000			
68.8	0.00009000			
68.9	0.00009000			
69	0.00009000			
69.1	0.00009000			
69.2	0.00009100			
69.3	0.00009100			
69.4	0.00009100			
69.5	0.00009100			
69.6	0.00009100			
69.7	0.00009100			
69.8	0.00009100			
69.9	0.00009100			
70	0.00009200			
70.1	0.00009200			
70.2	0.00009200			
70.3	0.00009200			
70.4	0.00009300			
70.5	0.00009300			
70.6	0.00009300			
70.7	0.00009300			
70.8	0.00009400			
70.9	0.00009400			
71	0.00009500			
71.1	0.00009500			
71.2	0.00009500			
71.3	0.00009600			
71.4	0.00009700			
71.5	0.00009900			
71.6	0.00010300			
71.7	0.00010900			
71.8	0.00011700			
71.9	0.00012300			
72	0.00012600			
72.1	0.00012400			
72.2	0.00012200			
72.3	0.00012400			
72.4	0.00012300			
72.5	0.00013000			
72.6	0.00013300			
72.7	0.00012400			
72.8	0.00011800			
72.9	0.00011600			
73	0.00011800			
73.1	0.00011700			
73.2	0.00011400			
73.3	0.00011000			
73.4	0.00010600			
73.5	0.00010600			
73.6	0.00010400			
73.7	0.00010400			
73.8	0.00010300			
73.9	0.00010300			
74	0.00010400			
74.1	0.00010200			
74.2	0.00010200			
74.3	0.00010100			
74.4	0.00010300			
74.5	0.00010200			
74.6	0.00010200			
74.7	0.00010200			
74.8	0.00010300			
74.9	0.00010400			
75	0.00010300			
75.1	0.00010300			
75.2	0.00010300			
75.3	0.00010300			
75.4	0.00010200			
75.5	0.00010300			
75.6	0.00010200			
75.7	0.00010200			
75.8	0.00010200			
75.9	0.00010300			
76	0.00010400			
76.1	0.00010800			
76.2	0.00011000			
76.3	0.00010600			
76.4	0.00010500			
76.5	0.00010600			
76.6	0.00010600			
76.7	0.00010500			
76.8	0.00010700			
76.9	0.00011400			
77	0.00011400			
77.1	0.00011100			
77.2	0.00011000			
77.3	0.00011000			
77.4	0.00011200			
77.5	0.00011600			
77.6	0.00011900			
77.7	0.00012200			
77.8	0.00012700			
77.9	0.00013300			
78	0.00014000			
78.1	0.00014500			
78.2	0.00018300			
78.3	0.00021500			
78.4	0.00016500			
78.5	0.00014900			
78.6	0.00014300			
78.7	0.00014500			
78.8	0.00016100			
78.9	0.00019100			
79	0.00016800			
79.1	0.00013800			
79.2	0.00013500			
79.3	0.00013800			
79.4	0.00012600			
79.5	0.00012300			
79.6	0.00012500			
79.7	0.00012400			
79.8	0.00012200			
79.9	0.00012100			
80	0.00012000			
80.1	0.00011900			
80.2	0.00011800			
80.3	0.00011700			
80.4	0.00011800			
80.5	0.00012000			
80.6	0.00012400			
80.7	0.00012500			
80.8	0.00012600			
80.9	0.00012400			
81	0.00012100			
81.1	0.00011900			
81.2	0.00011700			
81.3	0.00011600			
81.4	0.00011600			
81.5	0.00011600			
81.6	0.00011700			
81.7	0.00011700			
81.8	0.00011500			
81.9	0.00011500			
82	0.00011500			
82.1	0.00011500			
82.2	0.00011400			
82.3	0.00011400			
82.4	0.00011500			
82.5	0.00011500			
82.6	0.00011500			
82.7	0.00011500			
82.8	0.00011600			
82.9	0.00011600			
83	0.00011600			
83.1	0.00011600			
83.2	0.00011600			
83.3	0.00011600			
83.4	0.00011700			
83.5	0.00011700			
83.6	0.00011700			
83.7	0.00011700			
83.8	0.00011700			
83.9	0.00011700			
84	0.00011700			
84.1	0.00011700			
84.2	0.00011900			
84.3	0.00012200			
84.4	0.00013200			
84.5	0.00015200			
84.6	0.00016300			
84.7	0.00015900			
84.8	0.00016500			
84.9	0.00015500			
85	0.00014200			
85.1	0.00013200			
85.2	0.00012600			
85.3	0.00012300			
85.4	0.00012200			
85.5	0.00012100			
85.6	0.00012100			
85.7	0.00012100			
85.8	0.00012100			
85.9	0.00012000			
86	0.00012000			
86.1	0.00012100			
86.2	0.00012000			
86.3	0.00012000			
86.4	0.00012100			
86.5	0.00012100			
86.6	0.00012100			
86.7	0.00012100			
86.8	0.00012200			
86.9	0.00012200			
87	0.00012100			
87.1	0.00012100			
87.2	0.00012300			
87.3	0.00012300			
87.4	0.00012400			
87.5	0.00012300			
87.6	0.00012400			
87.7	0.00012400			
87.8	0.00012500			
87.9	0.00012600			
88	0.00012800			
88.1	0.00012900			
88.2	0.00013100			
88.3	0.00013500			
88.4	0.00013800			
88.5	0.00014200			
88.6	0.00014100			
88.7	0.00014100			
88.8	0.00014200			
88.9	0.00014200			
89	0.00014200			
89.1	0.00014000			
89.2	0.00013300			
89.3	0.00013100			
89.4	0.00013000			
89.5	0.00013200			
89.6	0.00013500			
89.7	0.00013500			
89.8	0.00013400			
89.9	0.00013200			
90	0.00013400			
90.1	0.00013400			
90.2	0.00013100			
90.3	0.00013000			
90.4	0.00012900			
90.5	0.00012900			
90.6	0.00012900			
90.7	0.00013000			
90.8	0.00013000			
90.9	0.00013100			
91	0.00012900			
91.1	0.00013000			
91.2	0.00013000			
91.3	0.00013000			
91.4	0.00013000			
91.5	0.00013000			
91.6	0.00013000			
91.7	0.00013000			
91.8	0.00013100			
91.9	0.00013100			
92	0.00013200			
92.1	0.00013400			
92.2	0.00013800			
92.3	0.00014600			
92.4	0.00014400			
92.5	0.00014200			
92.6	0.00014400			
92.7	0.00014200			
92.8	0.00013600			
92.9	0.00014100			
93	0.00014700			
93.1	0.00014300			
93.2	0.00014100			
93.3	0.00014800			
93.4	0.00016400			
93.5	0.00017600			
93.6	0.00017200			
93.7	0.00017200			
93.8	0.00016100			
93.9	0.00015600			
94	0.00015400			
94.1	0.00015500			
94.2	0.00017100			
94.3	0.00019600			
94.4	0.00017800			
94.5	0.00018200			
94.6	0.00018600			
94.7	0.00018000			
94.8	0.00019100			
94.9	0.00021800			
95	0.00024500			
95.1	0.00025200			
95.2	0.00028800			
95.3	0.00034800			
95.4	0.00043300			
95.5	0.00027400			
95.6	0.00022700			
95.7	0.00022500			
95.8	0.00022000			
95.9	0.00022600			
96	0.00022900			
96.1	0.00022400			
96.2	0.00024700			
96.3	0.00027000			
96.4	0.00025600			
96.5	0.00021500			
96.6	0.00020200			
96.7	0.00018900			
96.8	0.00017200			
96.9	0.00017700			
97	0.00017200			
97.1	0.00016700			
97.2	0.00016400			
97.3	0.00016200			
97.4	0.00016000			
97.5	0.00015500			
97.6	0.00015300			
97.7	0.00015200			
97.8	0.00015200			
97.9	0.00015200			
98	0.00015200			
98.1	0.00015200			
98.2	0.00015200			
98.3	0.00015400			
98.4	0.00015300			
98.5	0.00015800			
98.6	0.00015700			
98.7	0.00015400			
98.8	0.00015200			
98.9	0.00015000			
99	0.00015000			
99.1	0.00015000			
99.2	0.00015100			
99.3	0.00015300			
99.4	0.00015200			
99.5	0.00015100			
99.6	0.00015000			
99.7	0.00014900			
99.8	0.00014900			
99.9	0.00015000			
100	0.00015300			
100.1	0.00015200			
100.2	0.00015000			
100.3	0.00014900			
100.4	0.00014900			
100.5	0.00014900			
100.6	0.00014900			
100.7	0.00014900			
100.8	0.00014900			
100.9	0.00014900			
101	0.00014900			
101.1	0.00014900			
101.2	0.00014900			
101.3	0.00014900			
101.4	0.00014900			
101.5	0.00014900			
101.6	0.00015000			
101.7	0.00015000			
101.8	0.00015000			
101.9	0.00015000			
102	0.00015000			
102.1	0.00015000			
102.2	0.00015000			
102.3	0.00015100			
102.4	0.00015200			
102.5	0.00015200			
102.6	0.00015200			
102.7	0.00015200			
102.8	0.00015200			
102.9	0.00015300			
103	0.00015400			
103.1	0.00015400			
103.2	0.00015300			
103.3	0.00015300			
103.4	0.00015200			
103.5	0.00015200			
103.6	0.00015200			
103.7	0.00015300			
103.8	0.00015300			
103.9	0.00015300			
104	0.00015300			
104.1	0.00015300			
104.2	0.00015400			
104.3	0.00015400			
104.4	0.00015400			
104.5	0.00015400			
104.6	0.00015400			
104.7	0.00015400			
104.8	0.00015500			
104.9	0.00015500			
105	0.00015500			
105.1	0.00015500			
105.2	0.00015600			
105.3	0.00015600			
105.4	0.00015600			
105.5	0.00015700			
105.6	0.00015800			
105.7	0.00015800			
105.8	0.00015800			
105.9	0.00015800			
106	0.00015800			
106.1	0.00015800			
106.2	0.00016000			
106.3	0.00016100			
106.4	0.00016000			
106.5	0.00016000			
106.6	0.00016000			
106.7	0.00016000			
106.8	0.00016200			
106.9	0.00016300			
107	0.00016500			
107.1	0.00016600			
107.2	0.00016500			
107.3	0.00016300			
107.4	0.00016200			
107.5	0.00016200			
107.6	0.00016200			
107.7	0.00016100			
107.8	0.00016100			
107.9	0.00016100			
108	0.00016200			
108.1	0.00016300			
108.2	0.00016300			
108.3	0.00016300			
108.4	0.00016300			
108.5	0.00016300			
108.6	0.00016400			
108.7	0.00016400			
108.8	0.00016500			
108.9	0.00016600			
109	0.00016400			
109.1	0.00016300			
109.2	0.00016400			
109.3	0.00016400			
109.4	0.00016500			
109.5	0.00016500			
109.6	0.00016500			
109.7	0.00016500			
109.8	0.00016600			
109.9	0.00016700			
110	0.00016900			
110.1	0.00017100			
110.2	0.00017500			
110.3	0.00017600			
110.4	0.00017400			
110.5	0.00017200			
110.6	0.00017000			
110.7	0.00016800			
110.8	0.00016700			
110.9	0.00016700			
111	0.00016700			
111.1	0.00016700			
111.2	0.00016700			
111.3	0.00016800			
111.4	0.00016800			
111.5	0.00016800			
111.6	0.00016800			
111.7	0.00016900			
111.8	0.00016900			
111.9	0.00016900			
112	0.00017000			
112.1	0.00016900			
112.2	0.00017000			
112.3	0.00017000			
112.4	0.00017000			
112.5	0.00017000			
112.6	0.00017100			
112.7	0.00017100			
112.8	0.00017100			
112.9	0.00017200			
113	0.00017200			
113.1	0.00017200			
113.2	0.00017300			
113.3	0.00017300			
113.4	0.00017300			
113.5	0.00017300			
113.6	0.00017400			
113.7	0.00017400			
113.8	0.00017400			
113.9	0.00017500			
114	0.00017500			
114.1	0.00017500			
114.2	0.00017600			
114.3	0.00017600			
114.4	0.00017600			
114.5	0.00017600			
114.6	0.00017600			
114.7	0.00017700			
114.8	0.00017700			
114.9	0.00017700			
115	0.00017800			
115.1	0.00017800			
115.2	0.00017900			
115.3	0.00017900			
115.4	0.00018000			
115.5	0.00018000			
115.6	0.00018100			
115.7	0.00018200			
115.8	0.00018200			
115.9	0.00018300			
116	0.00018300			
116.1	0.00018500			
116.2	0.00018600			
116.3	0.00018900			
116.4	0.00019300			
116.5	0.00019800			
116.6	0.00020500			
116.7	0.00021200			
116.8	0.00020400			
116.9	0.00019300			
117	0.00018700			
117.1	0.00018500			
117.2	0.00018400			
117.3	0.00018300			
117.4	0.00018300			
117.5	0.00018300			
117.6	0.00018300			
117.7	0.00018400			
117.8	0.00018400			
117.9	0.00018500			
118	0.00018600			
118.1	0.00018700			
118.2	0.00018700			
118.3	0.00018700			
118.4	0.00018800			
118.5	0.00018800			
118.6	0.00018800			
118.7	0.00018900			
118.8	0.00019000			
118.9	0.00019100			
119	0.00019100			
119.1	0.00019300			
119.2	0.00019600			
119.3	0.00020000			
119.4	0.00020600			
119.5	0.00020700			
119.6	0.00020700			
119.7	0.00020400			
119.8	0.00020000			
119.9	0.00019700			
120	0.00019600			
120.1	0.00019500			
120.2	0.00019500			
120.3	0.00019700			
120.4	0.00019600			
120.5	0.00019700			
120.6	0.00019900			
120.7	0.00019900			
120.8	0.00019900			
120.9	0.00019900			
121	0.00019800			
121.1	0.00019800			
121.2	0.00019800			
121.3	0.00019900			
121.4	0.00019800			
121.5	0.00019900			
121.6	0.00019900			
121.7	0.00019900			
121.8	0.00019900			
121.9	0.00019800			
122	0.00019800			
122.1	0.00019900			
122.2	0.00019800			
122.3	0.00019800			
122.4	0.00019900			
122.5	0.00019900			
122.6	0.00020000			
122.7	0.00020100			
122.8	0.00020000			
122.9	0.00020200			
123	0.00020300			
123.1	0.00020300			
123.2	0.00020300			
123.3	0.00020300			
123.4	0.00020400			
123.5	0.00020500			
123.6	0.00020700			
123.7	0.00021000			
123.8	0.00021300			
123.9	0.00021400			
124	0.00021100			
124.1	0.00020900			
124.2	0.00020900			
124.3	0.00020900			
124.4	0.00021000			
124.5	0.00021500			
124.6	0.00021800			
124.7	0.00021800			
124.8	0.00021900			
124.9	0.00022000			
125	0.00022300			
125.1	0.00022400			
125.2	0.00022400			
125.3	0.00022300			
125.4	0.00022100			
125.5	0.00022000			
125.6	0.00022100			
125.7	0.00022000			
125.8	0.00022100			
125.9	0.00022200			
126	0.00022300			
126.1	0.00022400			
126.2	0.00022600			
126.3	0.00022900			
126.4	0.00023200			
126.5	0.00023800			
126.6	0.00024700			
126.7	0.00026800			
126.8	0.00030500			
126.9	0.00030200			
127	0.00035800			
127.1	0.00040800			
127.2	0.00042500			
127.3	0.00041400			
127.4	0.00044500			
127.5	0.00045500			
127.6	0.00044800			
127.7	0.00037200			
127.8	0.00038000			
127.9	0.00038400			
128	0.00043400			
128.1	0.00057500			
128.2	0.00064500			
128.3	0.00045400			
128.4	0.00042900			
128.5	0.00033500			
128.6	0.00030700			
128.7	0.00031500			
128.8	0.00030600			
128.9	0.00030800			
129	0.00029200			
129.1	0.00027200			
129.2	0.00026200			
129.3	0.00025900			
129.4	0.00025800			
129.5	0.00025300			
129.6	0.00024700			
129.7	0.00024900			
129.8	0.00024300			
129.9	0.00024100			
130	0.00024100			
130.1	0.00024300			
130.2	0.00025100			
130.3	0.00025600			
130.4	0.00025900			
130.5	0.00026800			
130.6	0.00026500			
130.7	0.00025400			
130.8	0.00024600			
130.9	0.00024200			
131	0.00024000			
131.1	0.00024100			
131.2	0.00024500			
131.3	0.00025100			
131.4	0.00025600			
131.5	0.00025600			
131.6	0.00024800			
131.7	0.00024600			
131.8	0.00024400			
131.9	0.00024100			
132	0.00023800			
132.1	0.00023600			
132.2	0.00023500			
132.3	0.00023400			
132.4	0.00023400			
132.5	0.00023600			
132.6	0.00023700			
132.7	0.00023900			
132.8	0.00024200			
132.9	0.00024300			
133	0.00024400			
133.1	0.00024600			
133.2	0.00024400			
133.3	0.00024300			
133.4	0.00024300			
133.5	0.00024600			
133.6	0.00025400			
133.7	0.00025800			
133.8	0.00025600			
133.9	0.00025900			
134	0.00026900			
134.1	0.00028400			
134.2	0.00029300			
134.3	0.00028500			
134.4	0.00027900			
134.5	0.00026800			
134.6	0.00026300			
134.7	0.00026500			
134.8	0.00026200			
134.9	0.00025700			
135	0.00025200			
135.1	0.00024800			
135.2	0.00024500			
135.3	0.00024900			
135.4	0.00024600			
135.5	0.00024400			
135.6	0.00024200			
135.7	0.00024300			
135.8	0.00024500			
135.9	0.00024300			
136	0.00024200			
136.1	0.00024100			
136.2	0.00024200			
136.3	0.00024100			
136.4	0.00024100			
136.5	0.00024200			
136.6	0.00024100			
136.7	0.00024100			
136.8	0.00024100			
136.9	0.00024200			
137	0.00024200			
137.1	0.00024100			
137.2	0.00024200			
137.3	0.00024300			
137.4	0.00024500			
137.5	0.00024500			
137.6	0.00024600			
137.7	0.00024700			
137.8	0.00024700			
137.9	0.00024700			
138	0.00024700			
138.1	0.00024700			
138.2	0.00024700			
138.3	0.00024700			
138.4	0.00024700			
138.5	0.00024800			
138.6	0.00024800			
138.7	0.00024800			
138.8	0.00025000			
138.9	0.00025200			
139	0.00025300			
139.1	0.00025400			
139.2	0.00025800			
139.3	0.00026500			
139.4	0.00027200			
139.5	0.00027900			
139.6	0.00028700			
139.7	0.00030100			
139.8	0.00033400			
139.9	0.00038800			
140	0.00043100			
140.1	0.00042300			
140.2	0.00043900			
140.3	0.00037900			
140.4	0.00035100			
140.5	0.00032200			
140.6	0.00031600			
140.7	0.00032200			
140.8	0.00034000			
140.9	0.00031900			
141	0.00030500			
141.1	0.00031800			
141.2	0.00033700			
141.3	0.00030700			
141.4	0.00029300			
141.5	0.00029000			
141.6	0.00029400			
141.7	0.00028600			
141.8	0.00027900			
141.9	0.00027800			
142	0.00027200			
142.1	0.00027000			
142.2	0.00028500			
142.3	0.00029400			
142.4	0.00028000			
142.5	0.00027100			
142.6	0.00026700			
142.7	0.00027400			
142.8	0.00027800			
142.9	0.00027600			
143	0.00027700			
143.1	0.00027400			
143.2	0.00027200			
143.3	0.00027400			
143.4	0.00027700			
143.5	0.00028400			
143.6	0.00029300			
143.7	0.00030300			
143.8	0.00029400			
143.9	0.00029900			
144	0.00028900			
144.1	0.00029000			
144.2	0.00028700			
144.3	0.00028200			
144.4	0.00028100			
144.5	0.00028200			
144.6	0.00028300			
144.7	0.00028100			
144.8	0.00028200			
144.9	0.00028900			
145	0.00029600			
145.1	0.00029100			
145.2	0.00029700			
145.3	0.00029400			
145.4	0.00029400			
145.5	0.00029600			
145.6	0.00029900			
145.7	0.00030900			
145.8	0.00033500			
145.9	0.00033500			
146	0.00031700			
146.1	0.00032100			
146.2	0.00033400			
146.3	0.00032400			
146.4	0.00032800			
146.5	0.00030900			
146.6	0.00030000			
146.7	0.00029500			
146.8	0.00029400			
146.9	0.00029700			
147	0.00030500			
147.1	0.00032400			
147.2	0.00035800			
147.3	0.00034200			
147.4	0.00033000			
147.5	0.00032000			
147.6	0.00032500			
147.7	0.00034000			
147.8	0.00039300			
147.9	0.00044600			
148	0.00058300			
148.1	0.00082300			
148.2	0.00080700			
148.3	0.00075900			
148.4	0.00107000			
148.5	0.00102900			
148.6	0.00080100			
148.7	0.00068100			
148.8	0.00070200			
148.9	0.00072100			
149	0.00083600			
149.1	0.00106900			
149.2	0.00101200			
149.3	0.00068500			
149.4	0.00062300			
149.5	0.00058600			
149.6	0.00057900			
149.7	0.00059400			
149.8	0.00056500			
149.9	0.00044300			
150	0.00037900			
150.1	0.00035400			
150.2	0.00036000			
150.3	0.00038200			
150.4	0.00038200			
150.5	0.00034800			
150.6	0.00034000			
150.7	0.00034500			
150.8	0.00035000			
150.9	0.00034200			
151	0.00033200			
151.1	0.00033000			
151.2	0.00033300			
151.3	0.00033500			
151.4	0.00032000			
151.5	0.00030900			
151.6	0.00030800			
151.7	0.00030600			
151.8	0.00030700			
151.9	0.00031000			
152	0.00031400			
152.1	0.00031800			
152.2	0.00031900			
152.3	0.00031800			
152.4	0.00031600			
152.5	0.00031300			
152.6	0.00031200			
152.7	0.00031400			
152.8	0.00031200			
152.9	0.00031200			
153	0.00031400			
153.1	0.00031900			
153.2	0.00032700			
153.3	0.00032600			
153.4	0.00032900			
153.5	0.00033600			
153.6	0.00033700			
153.7	0.00033900			
153.8	0.00034800			
153.9	0.00035100			
154	0.00034100			
154.1	0.00034700			
154.2	0.00036700			
154.3	0.00038400			
154.4	0.00037000			
154.5	0.00037000			
154.6	0.00038500			
154.7	0.00043400			
154.8	0.00050100			
154.9	0.00060900			
155	0.00067900			
155.1	0.00048900			
155.2	0.00040800			
155.3	0.00041500			
155.4	0.00043300			
155.5	0.00041000			
155.6	0.00044800			
155.7	0.00051100			
155.8	0.00052300			
155.9	0.00046600			
156	0.00041900			
156.1	0.00040900			
156.2	0.00041100			
156.3	0.00039300			
156.4	0.00039200			
156.5	0.00036600			
156.6	0.00035000			
156.7	0.00034700			
156.8	0.00034600			
156.9	0.00033800			
157	0.00033200			
157.1	0.00033200			
157.2	0.00033900			
157.3	0.00034200			
157.4	0.00034200			
157.5	0.00033800			
157.6	0.00033500			
157.7	0.00033800			
157.8	0.00033900			
157.9	0.00034300			
158	0.00034400			
158.1	0.00034400			
158.2	0.00034400			
158.3	0.00034600			
158.4	0.00034400			
158.5	0.00034400			
158.6	0.00034300			
158.7	0.00035000			
158.8	0.00035900			
158.9	0.00035200			
159	0.00034800			
159.1	0.00035000			
159.2	0.00035700			
159.3	0.00036600			
159.4	0.00036700			
159.5	0.00036500			
159.6	0.00035800			
159.7	0.00036100			
159.8	0.00036100			
159.9	0.00036100			
160	0.00036600			
160.1	0.00036600			
160.2	0.00036700			
160.3	0.00036700			
160.4	0.00037000			
160.5	0.00037600			
160.6	0.00038300			
160.7	0.00039000			
160.8	0.00039800			
160.9	0.00040100			
161	0.00040400			
161.1	0.00040800			
161.2	0.00041700			
161.3	0.00042100			
161.4	0.00041500			
161.5	0.00040100			
161.6	0.00040300			
161.7	0.00041100			
161.8	0.00042300			
161.9	0.00045700			
162	0.00048900			
162.1	0.00058600			
162.2	0.00076400			
162.3	0.00100000			
162.4	0.00132400			
162.5	0.00116900			
162.6	0.00104700			
162.7	0.00079200			
162.8	0.00065500			
162.9	0.00052400			
163	0.00044000			
163.1	0.00041900			
163.2	0.00039600			
163.3	0.00038100			
163.4	0.00037200			
163.5	0.00036900			
163.6	0.00037100			
163.7	0.00037500			
163.8	0.00038200			
163.9	0.00038400			
164	0.00038000			
164.1	0.00037600			
164.2	0.00037400			
164.3	0.00037100			
164.4	0.00036900			
164.5	0.00036900			
164.6	0.00037200			
164.7	0.00037600			
164.8	0.00037900			
164.9	0.00037900			
165	0.00037900			
165.1	0.00037900			
165.2	0.00038100			
165.3	0.00038300			
165.4	0.00038400			
165.5	0.00038700			
165.6	0.00038900			
165.7	0.00039300			
165.8	0.00039700			
165.9	0.00040100			
166	0.00040500			
166.1	0.00041100			
166.2	0.00041300			
166.3	0.00041100			
166.4	0.00041100			
166.5	0.00041500			
166.6	0.00042300			
166.7	0.00042900			
166.8	0.00043300			
166.9	0.00043900			
167	0.00044900			
167.1	0.00045100			
167.2	0.00045100			
167.3	0.00045900			
167.4	0.00047100			
167.5	0.00048400			
167.6	0.00049800			
167.7	0.00051400			
167.8	0.00052000			
167.9	0.00048700			
168	0.00046300			
168.1	0.00046800			
168.2	0.00046600			
168.3	0.00047500			
168.4	0.00049000			
168.5	0.00049700			
168.6	0.00050000			
168.7	0.00049500			
168.8	0.00050200			
168.9	0.00050700			
169	0.00050900			
169.1	0.00050600			
169.2	0.00049800			
169.3	0.00048700			
169.4	0.00047800			
169.5	0.00046500			
169.6	0.00045600			
169.7	0.00045300			
169.8	0.00044400			
169.9	0.00043100			
170	0.00042100			
170.1	0.00041600			
170.2	0.00041300			
170.3	0.00041100			
170.4	0.00041000			
170.5	0.00041000			
170.6	0.00040900			
170.7	0.00040900			
170.8	0.00040800			
170.9	0.00040600			
171	0.00040500			
171.1	0.00040600			
171.2	0.00041400			
171.3	0.00041800			
171.4	0.00041600			
171.5	0.00041800			
171.6	0.00041400			
171.7	0.00040900			
171.8	0.00040700			
171.9	0.00040700			
172	0.00040900			
172.1	0.00041100			
172.2	0.00041500			
172.3	0.00042200			
172.4	0.00043100			
172.5	0.00046400			
172.6	0.00049000			
172.7	0.00045800			
172.8	0.00044200			
172.9	0.00043600			
173	0.00043300			
173.1	0.00043000			
173.2	0.00043100			
173.3	0.00042800			
173.4	0.00043200			
173.5	0.00043800			
173.6	0.00045300			
173.7	0.00046400			
173.8	0.00046900			
173.9	0.00047800			
174	0.00049500			
174.1	0.00050000			
174.2	0.00047300			
174.3	0.00045200			
174.4	0.00044300			
174.5	0.00043300			
174.6	0.00043300			
174.7	0.00043600			
174.8	0.00044000			
174.9	0.00044400			
175	0.00045200			
175.1	0.00047500			
175.2	0.00046200			
175.3	0.00045600			
175.4	0.00046100			
175.5	0.00047100			
175.6	0.00048200			
175.7	0.00049600			
175.8	0.00050500			
175.9	0.00050800			
176	0.00051300			
176.1	0.00051400			
176.2	0.00052200			
176.3	0.00054200			
176.4	0.00054400			
176.5	0.00053700			
176.6	0.00053000			
176.7	0.00053600			
176.8	0.00054300			
176.9	0.00056700			
177	0.00060000			
177.1	0.00061900			
177.2	0.00063400			
177.3	0.00062900			
177.4	0.00058500			
177.5	0.00058800			
177.6	0.00056000			
177.7	0.00052700			
177.8	0.00050500			
177.9	0.00049800			
178	0.00050100			
178.1	0.00051100			
178.2	0.00050200			
178.3	0.00048800			
178.4	0.00048400			
178.5	0.00048000			
178.6	0.00047900			
178.7	0.00047900			
178.8	0.00048300			
178.9	0.00049300			
179	0.00052900			
179.1	0.00055600			
179.2	0.00053100			
179.3	0.00050000			
179.4	0.00049400			
179.5	0.00050000			
179.6	0.00050900			
179.7	0.00052600			
179.8	0.00055100			
179.9	0.00055800			
180	0.00055300			
180.1	0.00053600			
180.2	0.00052300			
180.3	0.00051600			
180.4	0.00051500			
180.5	0.00051700			
180.6	0.00051800			
180.7	0.00052000			
180.8	0.00052300			
180.9	0.00053000			
181	0.00054400			
181.1	0.00056900			
181.2	0.00061200			
181.3	0.00060000			
181.4	0.00060100			
181.5	0.00060700			
181.6	0.00061800			
181.7	0.00066200			
181.8	0.00072600			
181.9	0.00073500			
182	0.00070900			
182.1	0.00062200			
182.2	0.00059000			
182.3	0.00058100			
182.4	0.00057500			
182.5	0.00057100			
182.6	0.00056300			
182.7	0.00054900			
182.8	0.00055200			
182.9	0.00053600			
183	0.00052400			
183.1	0.00052200			
183.2	0.00052900			
183.3	0.00053600			
183.4	0.00054800			
183.5	0.00056300			
183.6	0.00056300			
183.7	0.00057200			
183.8	0.00059500			
183.9	0.00061400			
184	0.00066300			
184.1	0.00073500			
184.2	0.00078800			
184.3	0.00078800			
184.4	0.00086300			
184.5	0.00086700			
184.6	0.00075600			
184.7	0.00069600			
184.8	0.00068000			
184.9	0.00067500			
185	0.00071800			
185.1	0.00068000			
185.2	0.00070000			
185.3	0.00068000			
185.4	0.00066500			
185.5	0.00066500			
185.6	0.00069300			
185.7	0.00071400			
185.8	0.00073800			
185.9	0.00076800			
186	0.00079400			
186.1	0.00083600			
186.2	0.00086200			
186.3	0.00091100			
186.4	0.00090900			
186.5	0.00095400			
186.6	0.00097400			
186.7	0.00103700			
186.8	0.00116300			
186.9	0.00142700			
187	0.00200200			
187.1	0.00240700			
187.2	0.00366600			
187.3	0.00420000			
187.4	0.00245500			
187.5	0.00164700			
187.6	0.00124100			
187.7	0.00089400			
187.8	0.00094800			
187.9	0.00083600			
188	0.00078100			
188.1	0.00080600			
188.2	0.00085400			
188.3	0.00073300			
188.4	0.00064800			
188.5	0.00061400			
188.6	0.00060300			
188.7	0.00063200			
188.8	0.00069600			
188.9	0.00065000			
189	0.00059000			
189.1	0.00059300			
189.2	0.00062300			
189.3	0.00062800			
189.4	0.00061400			
189.5	0.00060000			
189.6	0.00058100			
189.7	0.00057000			
189.8	0.00057200			
189.9	0.00057700			
190	0.00058200			
190.1	0.00058200			
190.2	0.00058300			
190.3	0.00059300			
190.4	0.00059700			
190.5	0.00060500			
190.6	0.00062000			
190.7	0.00062200			
190.8	0.00060500			
190.9	0.00061100			
191	0.00061400			
191.1	0.00062100			
191.2	0.00062700			
191.3	0.00065800			
191.4	0.00065300			
191.5	0.00065500			
191.6	0.00064400			
191.7	0.00064200			
191.8	0.00066200			
191.9	0.00068100			
192	0.00068400			
192.1	0.00068100			
192.2	0.00069800			
192.3	0.00069200			
192.4	0.00065400			
192.5	0.00061200			
192.6	0.00059400			
192.7	0.00058800			
192.8	0.00059200			
192.9	0.00059100			
193	0.00059200			
193.1	0.00059600			
193.2	0.00059800			
193.3	0.00060300			
193.4	0.00060600			
193.5	0.00061200			
193.6	0.00061800			
193.7	0.00062200			
193.8	0.00063100			
193.9	0.00063300			
194	0.00064000			
194.1	0.00064900			
194.2	0.00066400			
194.3	0.00067700			
194.4	0.00068000			
194.5	0.00066900			
194.6	0.00068500			
194.7	0.00069400			
194.8	0.00069500			
194.9	0.00067600			
195	0.00067200			
195.1	0.00067200			
195.2	0.00067300			
195.3	0.00066600			
195.4	0.00066700			
195.5	0.00067100			
195.6	0.00067600			
195.7	0.00068500			
195.8	0.00069500			
195.9	0.00069700			
196	0.00069700			
196.1	0.00069900			
196.2	0.00070500			
196.3	0.00071000			
196.4	0.00071200			
196.5	0.00071200			
196.6	0.00071600			
196.7	0.00072500			
196.8	0.00073400			
196.9	0.00074400			
197	0.00075400			
197.1	0.00076800			
197.2	0.00078400			
197.3	0.00080000			
197.4	0.00080400			
197.5	0.00079900			
197.6	0.00081500			
197.7	0.00083200			
197.8	0.00079500			
197.9	0.00075200			
198	0.00073600			
198.1	0.00074800			
198.2	0.00075700			
198.3	0.00074200			
198.4	0.00073800			
198.5	0.00074100			
198.6	0.00074700			
198.7	0.00075000			
198.8	0.00075200			
198.9	0.00075800			
199	0.00077100			
199.1	0.00078400			
199.2	0.00082300			
199.3	0.00089400			
199.4	0.00088500			
199.5	0.00086400			
199.6	0.00082100			
199.7	0.00080800			
199.8	0.00080000			
199.9	0.00079700			
200	0.00079500			
200.1	0.00079800			
200.2	0.00081000			
200.3	0.00081700			
200.4	0.00082200			
200.5	0.00083800			
200.6	0.00085400			
200.7	0.00086500			
200.8	0.00086500			
200.9	0.00087000			
201	0.00088600			
201.1	0.00092500			
201.2	0.00099600			
201.3	0.00105300			
201.4	0.00113100			
201.5	0.00118900			
201.6	0.00126000			
201.7	0.00133000			
201.8	0.00142400			
201.9	0.00157100			
202	0.00169600			
202.1	0.00170300			
202.2	0.00159400			
202.3	0.00132600			
202.4	0.00120000			
202.5	0.00130300			
202.6	0.00125500			
202.7	0.00119700			
202.8	0.00111500			
202.9	0.00105500			
203	0.00111100			
203.1	0.00118000			
203.2	0.00119900			
203.3	0.00112400			
203.4	0.00103800			
203.5	0.00098500			
203.6	0.00091500			
203.7	0.00091200			
203.8	0.00093700			
203.9	0.00092000			
204	0.00091000			
204.1	0.00093500			
204.2	0.00096300			
204.3	0.00096600			
204.4	0.00094000			
204.5	0.00091000			
204.6	0.00089400			
204.7	0.00089300			
204.8	0.00090000			
204.9	0.00090300			
205	0.00090900			
205.1	0.00092700			
205.2	0.00093300			
205.3	0.00093400			
205.4	0.00094500			
205.5	0.00096100			
205.6	0.00096800			
205.7	0.00095900			
205.8	0.00096400			
205.9	0.00097700			
206	0.00100100			
206.1	0.00105100			
206.2	0.00110200			
206.3	0.00109800			
206.4	0.00106900			
206.5	0.00107600			
206.6	0.00108100			
206.7	0.00108900			
206.8	0.00108500			
206.9	0.00111200			
207	0.00114400			
207.1	0.00116700			
207.2	0.00121600			
207.3	0.00124200			
207.4	0.00122500			
207.5	0.00119600			
207.6	0.00124400			
207.7	0.00129500			
207.8	0.00132100			
207.9	0.00137400			
208	0.00139200			
208.1	0.00144400			
208.2	0.00152100			
208.3	0.00160100			
208.4	0.00168300			
208.5	0.00178300			
208.6	0.00185600			
208.7	0.00188200			
208.8	0.00181800			
208.9	0.00161800			
209	0.00143100			
209.1	0.00151900			
209.2	0.00159200			
209.3	0.00145500			
209.4	0.00139200			
209.5	0.00137100			
209.6	0.00139400			
209.7	0.00152300			
209.8	0.00164400			
209.9	0.00163300			
210	0.00174200			
210.1	0.00179000			
210.2	0.00182200			
210.3	0.00177400			
210.4	0.00189800			
210.5	0.00203100			
210.6	0.00218000			
210.7	0.00242500			
210.8	0.00268800			
210.9	0.00276800			
211	0.00311200			
211.1	0.00335800			
211.2	0.00288500			
211.3	0.00207500			
211.4	0.00175300			
211.5	0.00161600			
211.6	0.00155000			
211.7	0.00172300			
211.8	0.00192200			
211.9	0.00165300			
212	0.00140000			
212.1	0.00143700			
212.2	0.00148600			
212.3	0.00146800			
212.4	0.00147500			
212.5	0.00160000			
212.6	0.00167100			
212.7	0.00179400			
212.8	0.00198500			
212.9	0.00225200			
213	0.00227800			
213.1	0.00193100			
213.2	0.00151800			
213.3	0.00141400			
213.4	0.00169100			
213.5	0.00171400			
213.6	0.00196600			
213.7	0.00195700			
213.8	0.00202800			
213.9	0.00218600			
214	0.00253000			
214.1	0.00311300			
214.2	0.00353300			
214.3	0.00307300			
214.4	0.00238800			
214.5	0.00181700			
214.6	0.00163200			
214.7	0.00154200			
214.8	0.00151300			
214.9	0.00154000			
215	0.00159700			
215.1	0.00153000			
215.2	0.00167900			
215.3	0.00174600			
215.4	0.00163900			
215.5	0.00160100			
215.6	0.00172000			
215.7	0.00157900			
215.8	0.00156400			
215.9	0.00166800			
216	0.00191500			
216.1	0.00208500			
216.2	0.00232500			
216.3	0.00212200			
216.4	0.00210000			
216.5	0.00243300			
216.6	0.00248800			
216.7	0.00211900			
216.8	0.00167700			
216.9	0.00154500			
217	0.00153800			
217.1	0.00146700			
217.2	0.00143700			
217.3	0.00133600			
217.4	0.00126300			
217.5	0.00126300			
217.6	0.00122400			
217.7	0.00119300			
217.8	0.00116300			
217.9	0.00116100			
218	0.00119800			
218.1	0.00124300			
218.2	0.00125800			
218.3	0.00127400			
218.4	0.00127600			
218.5	0.00130200			
218.6	0.00134900			
218.7	0.00139100			
218.8	0.00144900			
218.9	0.00145600			
219	0.00144600			
219.1	0.00146500			
219.2	0.00146800			
219.3	0.00150200			
219.4	0.00157800			
219.5	0.00173000			
219.6	0.00191800			
219.7	0.00200400			
219.8	0.00195500			
219.9	0.00182600			
220	0.00188900			
220.1	0.00193600			
220.2	0.00210100			
220.3	0.00215200			
220.4	0.00216800			
220.5	0.00217600			
220.6	0.00220500			
220.7	0.00219900			
220.8	0.00224000			
220.9	0.00229500			
221	0.00233700			
221.1	0.00235300			
221.2	0.00227300			
221.3	0.00225000			
221.4	0.00226400			
221.5	0.00231600			
221.6	0.00237400			
221.7	0.00238700			
221.8	0.00240500			
221.9	0.00243000			
222	0.00237700			
222.1	0.00217000			
222.2	0.00200700			
222.3	0.00200400			
222.4	0.00202000			
222.5	0.00217100			
222.6	0.00238400			
222.7	0.00264400			
222.8	0.00239300			
222.9	0.00233300			
223	0.00256200			
223.1	0.00276000			
223.2	0.00314200			
223.3	0.00290300			
223.4	0.00267200			
223.5	0.00274600			
223.6	0.00225700			
223.7	0.00234900			
223.8	0.00242500			
223.9	0.00221800			
224	0.00245200			
224.1	0.00292200			
224.2	0.00330900			
224.3	0.00320800			
224.4	0.00357100			
224.5	0.00395800			
224.6	0.00366200			
224.7	0.00286300			
224.8	0.00227700			
224.9	0.00212600			
225	0.00211300			
225.1	0.00234600			
225.2	0.00269700			
225.3	0.00294900			
225.4	0.00283100			
225.5	0.00230600			
225.6	0.00218000			
225.7	0.00185300			
225.8	0.00166500			
225.9	0.00158200			
226	0.00145000			
226.1	0.00130900			
226.2	0.00125000			
226.3	0.00126500			
226.4	0.00135500			
226.5	0.00141500			
226.6	0.00140500			
226.7	0.00154300			
226.8	0.00133600			
226.9	0.00129500			
227	0.00132700			
227.1	0.00134000			
227.2	0.00142200			
227.3	0.00142600			
227.4	0.00156800			
227.5	0.00151700			
227.6	0.00152900			
227.7	0.00159500			
227.8	0.00177600			
227.9	0.00209800			
228	0.00218100			
228.1	0.00222400			
228.2	0.00236000			
228.3	0.00245700			
228.4	0.00254400			
228.5	0.00279200			
228.6	0.00288700			
228.7	0.00230700			
228.8	0.00174000			
228.9	0.00181500			
229	0.00175600			
229.1	0.00164500			
229.2	0.00154500			
229.3	0.00156200			
229.4	0.00164600			
229.5	0.00181300			
229.6	0.00180200			
229.7	0.00165400			
229.8	0.00163100			
229.9	0.00160700			
230	0.00159100			
230.1	0.00146700			
230.2	0.00153300			
230.3	0.00174200			
230.4	0.00178000			
230.5	0.00147000			
230.6	0.00146200			
230.7	0.00148300			
230.8	0.00155900			
230.9	0.00161400			
231	0.00164700			
231.1	0.00159300			
231.2	0.00160200			
231.3	0.00155000			
231.4	0.00154200			
231.5	0.00151000			
231.6	0.00149400			
231.7	0.00153300			
231.8	0.00156300			
231.9	0.00148700			
232	0.00139100			
232.1	0.00135100			
232.2	0.00129000			
232.3	0.00125500			
232.4	0.00125800			
232.5	0.00128400			
232.6	0.00132800			
232.7	0.00137100			
232.8	0.00141200			
232.9	0.00142600			
233	0.00144900			
233.1	0.00149000			
233.2	0.00151900			
233.3	0.00153900			
233.4	0.00156500			
233.5	0.00160200			
233.6	0.00164300			
233.7	0.00168700			
233.8	0.00173200			
233.9	0.00181400			
234	0.00191300			
234.1	0.00198200			
234.2	0.00206000			
234.3	0.00210000			
234.4	0.00219600			
234.5	0.00222000			
234.6	0.00232500			
234.7	0.00236800			
234.8	0.00232400			
234.9	0.00219200			
235	0.00219000			
235.1	0.00210300			
235.2	0.00195900			
235.3	0.00187000			
235.4	0.00187200			
235.5	0.00193300			
235.6	0.00201000			
235.7	0.00205800			
235.8	0.00211300			
235.9	0.00222700			
236	0.00235400			
236.1	0.00245400			
236.2	0.00233300			
236.3	0.00220800			
236.4	0.00221800			
236.5	0.00221400			
236.6	0.00215900			
236.7	0.00226800			
236.8	0.00215700			
236.9	0.00210200			
237	0.00208600			
237.1	0.00207700			
237.2	0.00210100			
237.3	0.00217700			
237.4	0.00230900			
237.5	0.00239700			
237.6	0.00245000			
237.7	0.00267800			
237.8	0.00289700			
237.9	0.00261000			
238	0.00212100			
238.1	0.00193900			
238.2	0.00184800			
238.3	0.00186700			
238.4	0.00184300			
238.5	0.00187300			
238.6	0.00194700			
238.7	0.00193600			
238.8	0.00197000			
238.9	0.00199200			
239	0.00204600			
239.1	0.00208600			
239.2	0.00205900			
239.3	0.00197500			
239.4	0.00199500			
239.5	0.00206200			
239.6	0.00208400			
239.7	0.00210200			
239.8	0.00211800			
239.9	0.00213800			
240	0.00217700			
240.1	0.00221200			
240.2	0.00221400			
240.3	0.00222800			
240.4	0.00224200			
240.5	0.00223100			
240.6	0.00219000			
240.7	0.00219400			
240.8	0.00218700			
240.9	0.00221400			
241	0.00226600			
241.1	0.00232500			
241.2	0.00238300			
241.3	0.00238000			
241.4	0.00235600			
241.5	0.00236400			
241.6	0.00239100			
241.7	0.00243700			
241.8	0.00247900			
241.9	0.00255700			
242	0.00259900			
242.1	0.00260500			
242.2	0.00264100			
242.3	0.00269600			
242.4	0.00277500			
242.5	0.00282000			
242.6	0.00276100			
242.7	0.00279200			
242.8	0.00286700			
242.9	0.00287100			
243	0.00289500			
243.1	0.00296500			
243.2	0.00307100			
243.3	0.00316400			
243.4	0.00313100			
243.5	0.00300800			
243.6	0.00293500			
243.7	0.00299100			
243.8	0.00296900			
243.9	0.00288600			
244	0.00296800			
244.1	0.00308200			
244.2	0.00319900			
244.3	0.00328600			
244.4	0.00336600			
244.5	0.00340600			
244.6	0.00344300			
244.7	0.00360800			
244.8	0.00372100			
244.9	0.00370500			
245	0.00362200			
245.1	0.00361300			
245.2	0.00347800			
245.3	0.00332300			
245.4	0.00320600			
245.5	0.00321500			
245.6	0.00321100			
245.7	0.00331300			
245.8	0.00352200			
245.9	0.00343100			
246	0.00343200			
246.1	0.00344600			
246.2	0.00349800			
246.3	0.00357000			
246.4	0.00365000			
246.5	0.00371600			
246.6	0.00381300			
246.7	0.00390600			
246.8	0.00401400			
246.9	0.00410900			
247	0.00417700			
247.1	0.00422400			
247.2	0.00430900			
247.3	0.00448800			
247.4	0.00475800			
247.5	0.00490000			
247.6	0.00472200			
247.7	0.00465000			
247.8	0.00465000			
247.9	0.00473600			
248	0.00493600			
248.1	0.00505100			
248.2	0.00504400			
248.3	0.00499900			
248.4	0.00514600			
248.5	0.00533300			
248.6	0.00562700			
248.7	0.00585300			
248.8	0.00586900			
248.9	0.00599400			
249	0.00623300			
249.1	0.00666900			
249.2	0.00679900			
249.3	0.00681300			
249.4	0.00706000			
249.5	0.00739000			
249.6	0.00764000			
249.7	0.00797900			
249.8	0.00820000			
249.9	0.00807800			
250	0.00848300			
