1	0.00000335
1.1	0.00000351
1.2	0.00000363
1.3	0.00000379
1.4	0.00000394
1.5	0.00000407
1.6	0.00000422
1.7	0.00000436
1.8	0.00000448
1.9	0.00000464
2	0.00000477
2.1	0.00000490
2.2	0.00000504
2.3	0.00000518
2.4	0.00000532
2.5	0.00000544
2.6	0.00000556
2.7	0.00000570
2.8	0.00000584
2.9	0.00000596
3	0.00000610
3.1	0.00000622
3.2	0.00000635
3.3	0.00000648
3.4	0.00000663
3.5	0.00000674
3.6	0.00000687
3.7	0.00000699
3.8	0.00000710
3.9	0.00000730
4	0.00000740
4.1	0.00000760
4.2	0.00000770
4.3	0.00000780
4.4	0.00000790
4.5	0.00000810
4.6	0.00000820
4.7	0.00000830
4.8	0.00000840
4.9	0.00000860
5	0.00000870
5.1	0.00000880
5.2	0.00000900
5.3	0.00000910
5.4	0.00000920
5.5	0.00000930
5.6	0.00000950
5.7	0.00000960
5.8	0.00000970
5.9	0.00000990
6	0.00001000
6.1	0.00001010
6.2	0.00001020
6.3	0.00001030
6.4	0.00001050
6.5	0.00001060
6.6	0.00001070
6.7	0.00001080
6.8	0.00001100
6.9	0.00001110
7	0.00001120
7.1	0.00001130
7.2	0.00001150
7.3	0.00001160
7.4	0.00001170
7.5	0.00001180
7.6	0.00001200
7.7	0.00001210
7.8	0.00001220
7.9	0.00001230
8	0.00001240
8.1	0.00001250
8.2	0.00001260
8.3	0.00001280
8.4	0.00001290
8.5	0.00001300
8.6	0.00001320
8.7	0.00001330
8.8	0.00001340
8.9	0.00001350
9	0.00001370
9.1	0.00001380
9.2	0.00001390
9.3	0.00001400
9.4	0.00001420
9.5	0.00001430
9.6	0.00001440
9.7	0.00001450
9.8	0.00001460
9.9	0.00001480
10	0.00001490
10.1	0.00001500
10.2	0.00001510
10.3	0.00001530
10.4	0.00001530
10.5	0.00001540
10.6	0.00001560
10.7	0.00001570
10.8	0.00001580
10.9	0.00001600
11	0.00001610
11.1	0.00001620
11.2	0.00001640
11.3	0.00001650
11.4	0.00001660
11.5	0.00001670
11.6	0.00001680
11.7	0.00001690
11.8	0.00001710
11.9	0.00001720
12	0.00001730
12.1	0.00001740
12.2	0.00001760
12.3	0.00001770
12.4	0.00001780
12.5	0.00001800
12.6	0.00001810
12.7	0.00001820
12.8	0.00001830
12.9	0.00001840
13	0.00001850
13.1	0.00001860
13.2	0.00001870
13.3	0.00001890
13.4	0.00001900
13.5	0.00001910
13.6	0.00001930
13.7	0.00001940
13.8	0.00001950
13.9	0.00001960
14	0.00001970
14.1	0.00001980
14.2	0.00002000
14.3	0.00002010
14.4	0.00002020
14.5	0.00002030
14.6	0.00002040
14.7	0.00002050
14.8	0.00002060
14.9	0.00002080
15	0.00002090
15.1	0.00002100
15.2	0.00002110
15.3	0.00002130
15.4	0.00002140
15.5	0.00002160
15.6	0.00002180
15.7	0.00002190
15.8	0.00002200
15.9	0.00002210
16	0.00002230
16.1	0.00002250
16.2	0.00002260
16.3	0.00002260
16.4	0.00002280
16.5	0.00002290
16.6	0.00002320
16.7	0.00002340
16.8	0.00002350
16.9	0.00002360
17	0.00002370
17.1	0.00002370
17.2	0.00002370
17.3	0.00002380
17.4	0.00002390
17.5	0.00002410
17.6	0.00002430
17.7	0.00002430
17.8	0.00002440
17.9	0.00002450
18	0.00002460
18.1	0.00002470
18.2	0.00002470
18.3	0.00002490
18.4	0.00002500
18.5	0.00002510
18.6	0.00002530
18.7	0.00002540
18.8	0.00002560
18.9	0.00002600
19	0.00002650
19.1	0.00002660
19.2	0.00002700
19.3	0.00002750
19.4	0.00002730
19.5	0.00002700
19.6	0.00002720
19.7	0.00002810
19.8	0.00002790
19.9	0.00002760
20	0.00002760
20.1	0.00002800
20.2	0.00002950
20.3	0.00003140
20.4	0.00003430
20.5	0.00003230
20.6	0.00003120
20.7	0.00003040
20.8	0.00003030
20.9	0.00003130
21	0.00003300
21.1	0.00003530
21.2	0.00003590
21.3	0.00003450
21.4	0.00003240
21.5	0.00003160
21.6	0.00003240
21.7	0.00003190
21.8	0.00003330
21.9	0.00003650
22	0.00003610
22.1	0.00003310
22.2	0.00003220
22.3	0.00003340
22.4	0.00003350
22.5	0.00003250
22.6	0.00003200
22.7	0.00003170
22.8	0.00003160
22.9	0.00003180
23	0.00003230
23.1	0.00003320
23.2	0.00003350
23.3	0.00003340
23.4	0.00003360
23.5	0.00003400
23.6	0.00003430
23.7	0.00003420
23.8	0.00003360
23.9	0.00003330
24	0.00003290
24.1	0.00003290
24.2	0.00003340
24.3	0.00003310
24.4	0.00003300
24.5	0.00003300
24.6	0.00003330
24.7	0.00003350
24.8	0.00003330
24.9	0.00003340
25	0.00003360
25.1	0.00003410
25.2	0.00003450
25.3	0.00003450
25.4	0.00003440
25.5	0.00003430
25.6	0.00003440
25.7	0.00003450
25.8	0.00003460
25.9	0.00003500
26	0.00003480
26.1	0.00003470
26.2	0.00003480
26.3	0.00003500
26.4	0.00003510
26.5	0.00003520
26.6	0.00003550
26.7	0.00003580
26.8	0.00003590
26.9	0.00003600
27	0.00003600
27.1	0.00003600
27.2	0.00003610
27.3	0.00003620
27.4	0.00003630
27.5	0.00003670
27.6	0.00003690
27.7	0.00003690
27.8	0.00003690
27.9	0.00003690
28	0.00003690
28.1	0.00003690
28.2	0.00003720
28.3	0.00003720
28.4	0.00003730
28.5	0.00003730
28.6	0.00003750
28.7	0.00003760
28.8	0.00003770
28.9	0.00003790
29	0.00003810
29.1	0.00003830
29.2	0.00003840
29.3	0.00003850
29.4	0.00003850
29.5	0.00003850
29.6	0.00003860
29.7	0.00003880
29.8	0.00003890
29.9	0.00003900
30	0.00003910
30.1	0.00003930
30.2	0.00003960
30.3	0.00003960
30.4	0.00003960
30.5	0.00003970
30.6	0.00003980
30.7	0.00003990
30.8	0.00004000
30.9	0.00004030
31	0.00004040
31.1	0.00004050
31.2	0.00004060
31.3	0.00004060
31.4	0.00004080
31.5	0.00004110
31.6	0.00004110
31.7	0.00004110
31.8	0.00004120
31.9	0.00004130
32	0.00004150
32.1	0.00004160
32.2	0.00004180
32.3	0.00004190
32.4	0.00004210
32.5	0.00004220
32.6	0.00004230
32.7	0.00004240
32.8	0.00004250
32.9	0.00004260
33	0.00004270
33.1	0.00004300
33.2	0.00004320
33.3	0.00004320
33.4	0.00004340
33.5	0.00004360
33.6	0.00004380
33.7	0.00004390
33.8	0.00004400
33.9	0.00004410
34	0.00004420
34.1	0.00004430
34.2	0.00004440
34.3	0.00004460
34.4	0.00004470
34.5	0.00004480
34.6	0.00004490
34.7	0.00004510
34.8	0.00004520
34.9	0.00004560
35	0.00004550
35.1	0.00004550
35.2	0.00004550
35.3	0.00004570
35.4	0.00004570
35.5	0.00004580
35.6	0.00004600
35.7	0.00004610
35.8	0.00004610
35.9	0.00004620
36	0.00004630
36.1	0.00004650
36.2	0.00004660
36.3	0.00004680
36.4	0.00004680
36.5	0.00004690
36.6	0.00004710
36.7	0.00004720
36.8	0.00004730
36.9	0.00004750
37	0.00004780
37.1	0.00004800
37.2	0.00004810
37.3	0.00004820
37.4	0.00004840
37.5	0.00004880
37.6	0.00004890
37.7	0.00004910
37.8	0.00004910
37.9	0.00004920
38	0.00004960
38.1	0.00004960
38.2	0.00004990
38.3	0.00005000
38.4	0.00004980
38.5	0.00005010
38.6	0.00005010
38.7	0.00005010
38.8	0.00005010
38.9	0.00005020
39	0.00005040
39.1	0.00005040
39.2	0.00005050
39.3	0.00005080
39.4	0.00005090
39.5	0.00005100
39.6	0.00005100
39.7	0.00005100
39.8	0.00005200
39.9	0.00005200
40	0.00005200
40.1	0.00005200
40.2	0.00005300
40.3	0.00005300
40.4	0.00005300
40.5	0.00005300
40.6	0.00005300
40.7	0.00005300
40.8	0.00005300
40.9	0.00005300
41	0.00005300
41.1	0.00005300
41.2	0.00005300
41.3	0.00005300
41.4	0.00005300
41.5	0.00005400
41.6	0.00005400
41.7	0.00005400
41.8	0.00005400
41.9	0.00005500
42	0.00005500
42.1	0.00005500
42.2	0.00005500
42.3	0.00005500
42.4	0.00005600
42.5	0.00005800
42.6	0.00005700
42.7	0.00005600
42.8	0.00005600
42.9	0.00005700
43	0.00005800
43.1	0.00005900
43.2	0.00005900
43.3	0.00006000
43.4	0.00006100
43.5	0.00006300
43.6	0.00006200
43.7	0.00006100
43.8	0.00006000
43.9	0.00006000
44	0.00005900
44.1	0.00006000
44.2	0.00006000
44.3	0.00006100
44.4	0.00006000
44.5	0.00006000
44.6	0.00006100
44.7	0.00006400
44.8	0.00006900
44.9	0.00007900
45	0.00008900
45.1	0.00010700
45.2	0.00007700
45.3	0.00006700
45.4	0.00006400
45.5	0.00006300
45.6	0.00006300
45.7	0.00006400
45.8	0.00006400
45.9	0.00006400
46	0.00006800
46.1	0.00006600
46.2	0.00006400
46.3	0.00006400
46.4	0.00006400
46.5	0.00006300
46.6	0.00006400
46.7	0.00006600
46.8	0.00006500
46.9	0.00006500
47	0.00006400
47.1	0.00006400
47.2	0.00006300
47.3	0.00006300
47.4	0.00006400
47.5	0.00006400
47.6	0.00006400
47.7	0.00006400
47.8	0.00006400
47.9	0.00006400
48	0.00006400
48.1	0.00006400
48.2	0.00006400
48.3	0.00006400
48.4	0.00006400
48.5	0.00006400
48.6	0.00006400
48.7	0.00006500
48.8	0.00006500
48.9	0.00006500
49	0.00006500
49.1	0.00006400
49.2	0.00006400
49.3	0.00006400
49.4	0.00006400
49.5	0.00006400
49.6	0.00006400
49.7	0.00006400
49.8	0.00006500
49.9	0.00006500
50	0.00006500
50.1	0.00006500
50.2	0.00006500
50.3	0.00006500
50.4	0.00006600
50.5	0.00006600
50.6	0.00006600
50.7	0.00006600
50.8	0.00006600
50.9	0.00006600
51	0.00006700
51.1	0.00006700
51.2	0.00006700
51.3	0.00006700
51.4	0.00006700
51.5	0.00006700
51.6	0.00006700
51.7	0.00006700
51.8	0.00006800
51.9	0.00006800
52	0.00006800
52.1	0.00006800
52.2	0.00006800
52.3	0.00006800
52.4	0.00006800
52.5	0.00006800
52.6	0.00006800
52.7	0.00006900
52.8	0.00006900
52.9	0.00006900
53	0.00006900
53.1	0.00006900
53.2	0.00006900
53.3	0.00006900
53.4	0.00006900
53.5	0.00006900
53.6	0.00006900
53.7	0.00006900
53.8	0.00007000
53.9	0.00007000
54	0.00007000
54.1	0.00007000
54.2	0.00007000
54.3	0.00007000
54.4	0.00007100
54.5	0.00007100
54.6	0.00007100
54.7	0.00007100
54.8	0.00007100
54.9	0.00007100
55	0.00007100
55.1	0.00007100
55.2	0.00007200
55.3	0.00007200
55.4	0.00007200
55.5	0.00007200
55.6	0.00007200
55.7	0.00007200
55.8	0.00007200
55.9	0.00007300
56	0.00007300
56.1	0.00007300
56.2	0.00007300
56.3	0.00007300
56.4	0.00007300
56.5	0.00007400
56.6	0.00007400
56.7	0.00007400
56.8	0.00007400
56.9	0.00007400
57	0.00007500
57.1	0.00007500
57.2	0.00007500
57.3	0.00007500
57.4	0.00007600
57.5	0.00007700
57.6	0.00007900
57.7	0.00008200
57.8	0.00008900
57.9	0.00009900
58	0.00011600
58.1	0.00013400
58.2	0.00013500
58.3	0.00012200
58.4	0.00010500
58.5	0.00009500
58.6	0.00008900
58.7	0.00008600
58.8	0.00008400
58.9	0.00008300
59	0.00008200
59.1	0.00008100
59.2	0.00008000
59.3	0.00008000
59.4	0.00008000
59.5	0.00008000
59.6	0.00008000
59.7	0.00008000
59.8	0.00008000
59.9	0.00008000
60	0.00008000
60.1	0.00008000
60.2	0.00008000
60.3	0.00008000
60.4	0.00008000
60.5	0.00008000
60.6	0.00008000
60.7	0.00008000
60.8	0.00008000
60.9	0.00008000
61	0.00008100
61.1	0.00008100
61.2	0.00008100
61.3	0.00008100
61.4	0.00008100
61.5	0.00008100
61.6	0.00008100
61.7	0.00008100
61.8	0.00008100
61.9	0.00008200
62	0.00008200
62.1	0.00008200
62.2	0.00008200
62.3	0.00008200
62.4	0.00008200
62.5	0.00008200
62.6	0.00008200
62.7	0.00008200
62.8	0.00008300
62.9	0.00008300
63	0.00008300
63.1	0.00008300
63.2	0.00008300
63.3	0.00008300
63.4	0.00008300
63.5	0.00008300
63.6	0.00008300
63.7	0.00008400
63.8	0.00008400
63.9	0.00008400
64	0.00008400
64.1	0.00008400
64.2	0.00008400
64.3	0.00008500
64.4	0.00008500
64.5	0.00008500
64.6	0.00008500
64.7	0.00008500
64.8	0.00008500
64.9	0.00008500
65	0.00008600
65.1	0.00008600
65.2	0.00008600
65.3	0.00008600
65.4	0.00008600
65.5	0.00008600
65.6	0.00008600
65.7	0.00008700
65.8	0.00008700
65.9	0.00008800
66	0.00008800
66.1	0.00008800
66.2	0.00008700
66.3	0.00008700
66.4	0.00008700
66.5	0.00008800
66.6	0.00008800
66.7	0.00008800
66.8	0.00008800
66.9	0.00008800
67	0.00008800
67.1	0.00008800
67.2	0.00008900
67.3	0.00008900
67.4	0.00008900
67.5	0.00008900
67.6	0.00008900
67.7	0.00008900
67.8	0.00008900
67.9	0.00009000
68	0.00009000
68.1	0.00009000
68.2	0.00009000
68.3	0.00009000
68.4	0.00009000
68.5	0.00009000
68.6	0.00009000
68.7	0.00009100
68.8	0.00009100
68.9	0.00009100
69	0.00009100
69.1	0.00009100
69.2	0.00009100
69.3	0.00009100
69.4	0.00009200
69.5	0.00009200
69.6	0.00009200
69.7	0.00009200
69.8	0.00009200
69.9	0.00009200
70	0.00009200
70.1	0.00009200
70.2	0.00009300
70.3	0.00009300
70.4	0.00009300
70.5	0.00009300
70.6	0.00009400
70.7	0.00009400
70.8	0.00009400
70.9	0.00009500
71	0.00009500
71.1	0.00009500
71.2	0.00009500
71.3	0.00009600
71.4	0.00009600
71.5	0.00009700
71.6	0.00009900
71.7	0.00010300
71.8	0.00010700
71.9	0.00011100
72	0.00011600
72.1	0.00012000
72.2	0.00012000
72.3	0.00012100
72.4	0.00012100
72.5	0.00012800
72.6	0.00013900
72.7	0.00013500
72.8	0.00012500
72.9	0.00012100
73	0.00012600
73.1	0.00012700
73.2	0.00012300
73.3	0.00011600
73.4	0.00011100
73.5	0.00011000
73.6	0.00010700
73.7	0.00010600
73.8	0.00010600
73.9	0.00010500
74	0.00010600
74.1	0.00010400
74.2	0.00010300
74.3	0.00010300
74.4	0.00010500
74.5	0.00010400
74.6	0.00010400
74.7	0.00010400
74.8	0.00010500
74.9	0.00010600
75	0.00010700
75.1	0.00010600
75.2	0.00010500
75.3	0.00010500
75.4	0.00010400
75.5	0.00010500
75.6	0.00010400
75.7	0.00010400
75.8	0.00010400
75.9	0.00010400
76	0.00010600
76.1	0.00011400
76.2	0.00011900
76.3	0.00011000
76.4	0.00010900
76.5	0.00011200
76.6	0.00011200
76.7	0.00011100
76.8	0.00011700
76.9	0.00013600
77	0.00012700
77.1	0.00012300
77.2	0.00012200
77.3	0.00012700
77.4	0.00013100
77.5	0.00014700
77.6	0.00016800
77.7	0.00020500
77.8	0.00023900
77.9	0.00020600
78	0.00017000
78.1	0.00016500
78.2	0.00014000
78.3	0.00012900
78.4	0.00012500
78.5	0.00012700
78.6	0.00013000
78.7	0.00013700
78.8	0.00013800
78.9	0.00012800
79	0.00012100
79.1	0.00011800
79.2	0.00011800
79.3	0.00011900
79.4	0.00011600
79.5	0.00011500
79.6	0.00011700
79.7	0.00011700
79.8	0.00011600
79.9	0.00011500
80	0.00011500
80.1	0.00011500
80.2	0.00011500
80.3	0.00011500
80.4	0.00011600
80.5	0.00011700
80.6	0.00011800
80.7	0.00011700
80.8	0.00011600
80.9	0.00011500
81	0.00011500
81.1	0.00011400
81.2	0.00011400
81.3	0.00011400
81.4	0.00011400
81.5	0.00011400
81.6	0.00011400
81.7	0.00011300
81.8	0.00011400
81.9	0.00011400
82	0.00011400
82.1	0.00011400
82.2	0.00011400
82.3	0.00011400
82.4	0.00011500
82.5	0.00011500
82.6	0.00011600
82.7	0.00011500
82.8	0.00011600
82.9	0.00011600
83	0.00011600
83.1	0.00011600
83.2	0.00011600
83.3	0.00011600
83.4	0.00011700
83.5	0.00011800
83.6	0.00011800
83.7	0.00011900
83.8	0.00012000
83.9	0.00012000
84	0.00011900
84.1	0.00011900
84.2	0.00012000
84.3	0.00012400
84.4	0.00013600
84.5	0.00016000
84.6	0.00018900
84.7	0.00019300
84.8	0.00016000
84.9	0.00014000
85	0.00013200
85.1	0.00012900
85.2	0.00012700
85.3	0.00012400
85.4	0.00012300
85.5	0.00012200
85.6	0.00012200
85.7	0.00012200
85.8	0.00012200
85.9	0.00012200
86	0.00012100
86.1	0.00012100
86.2	0.00012100
86.3	0.00012100
86.4	0.00012200
86.5	0.00012400
86.6	0.00012500
86.7	0.00012700
86.8	0.00012700
86.9	0.00013200
87	0.00013200
87.1	0.00012800
87.2	0.00012600
87.3	0.00012500
87.4	0.00012500
87.5	0.00012600
87.6	0.00012700
87.7	0.00012600
87.8	0.00012600
87.9	0.00012700
88	0.00012600
88.1	0.00012700
88.2	0.00012900
88.3	0.00013000
88.4	0.00012900
88.5	0.00012800
88.6	0.00012800
88.7	0.00012800
88.8	0.00012900
88.9	0.00012900
89	0.00012900
89.1	0.00012800
89.2	0.00012700
89.3	0.00012700
89.4	0.00012700
89.5	0.00012900
89.6	0.00013100
89.7	0.00013200
89.8	0.00013200
89.9	0.00013100
90	0.00013200
90.1	0.00013100
90.2	0.00012900
90.3	0.00012900
90.4	0.00012900
90.5	0.00012900
90.6	0.00013000
90.7	0.00013000
90.8	0.00013100
90.9	0.00013100
91	0.00012900
91.1	0.00013000
91.2	0.00013000
91.3	0.00013000
91.4	0.00013100
91.5	0.00013100
91.6	0.00013100
91.7	0.00013100
91.8	0.00013200
91.9	0.00013200
92	0.00013200
92.1	0.00013300
92.2	0.00013700
92.3	0.00014400
92.4	0.00014500
92.5	0.00014300
92.6	0.00014400
92.7	0.00013900
92.8	0.00013600
92.9	0.00013800
93	0.00014400
93.1	0.00014200
93.2	0.00014000
93.3	0.00014700
93.4	0.00016100
93.5	0.00016900
93.6	0.00017300
93.7	0.00017800
93.8	0.00016800
93.9	0.00016600
94	0.00016400
94.1	0.00016100
94.2	0.00016900
94.3	0.00019000
94.4	0.00018000
94.5	0.00017700
94.6	0.00017800
94.7	0.00017400
94.8	0.00017900
94.9	0.00019600
95	0.00023000
95.1	0.00024500
95.2	0.00025300
95.3	0.00028400
95.4	0.00040500
95.5	0.00037200
95.6	0.00026100
95.7	0.00024000
95.8	0.00022700
95.9	0.00023300
96	0.00024700
96.1	0.00024500
96.2	0.00025400
96.3	0.00029800
96.4	0.00032300
96.5	0.00025900
96.6	0.00023200
96.7	0.00022400
96.8	0.00019700
96.9	0.00020200
97	0.00019400
97.1	0.00018300
97.2	0.00017600
97.3	0.00017200
97.4	0.00016900
97.5	0.00016300
97.6	0.00015900
97.7	0.00015700
97.8	0.00015700
97.9	0.00015700
98	0.00015600
98.1	0.00015600
98.2	0.00015700
98.3	0.00015900
98.4	0.00015800
98.5	0.00016300
98.6	0.00016100
98.7	0.00015800
98.8	0.00015500
98.9	0.00015400
99	0.00015300
99.1	0.00015300
99.2	0.00015400
99.3	0.00015500
99.4	0.00015600
99.5	0.00015500
99.6	0.00015400
99.7	0.00015300
99.8	0.00015200
99.9	0.00015400
100	0.00016000
100.1	0.00015500
100.2	0.00015200
100.3	0.00015100
100.4	0.00015000
100.5	0.00015100
100.6	0.00015100
100.7	0.00015100
100.8	0.00015100
100.9	0.00015000
101	0.00015000
101.1	0.00015000
101.2	0.00015000
101.3	0.00015000
101.4	0.00015000
101.5	0.00015000
101.6	0.00015100
101.7	0.00015100
101.8	0.00015200
101.9	0.00015200
102	0.00015200
102.1	0.00015200
102.2	0.00015200
102.3	0.00015300
102.4	0.00015300
102.5	0.00015300
102.6	0.00015300
102.7	0.00015300
102.8	0.00015400
102.9	0.00015300
103	0.00015400
103.1	0.00015400
103.2	0.00015300
103.3	0.00015400
103.4	0.00015500
103.5	0.00015600
103.6	0.00015700
103.7	0.00015600
103.8	0.00015600
103.9	0.00015500
104	0.00015400
104.1	0.00015400
104.2	0.00015500
104.3	0.00015600
104.4	0.00015500
104.5	0.00015500
104.6	0.00015500
104.7	0.00015500
104.8	0.00015600
104.9	0.00015600
105	0.00015800
105.1	0.00015900
105.2	0.00015900
105.3	0.00016000
105.4	0.00016000
105.5	0.00016100
105.6	0.00016200
105.7	0.00016400
105.8	0.00016400
105.9	0.00016200
106	0.00016300
106.1	0.00016700
106.2	0.00016500
106.3	0.00016200
106.4	0.00016100
106.5	0.00016400
106.6	0.00016300
106.7	0.00016300
106.8	0.00016300
106.9	0.00016200
107	0.00016100
107.1	0.00016100
107.2	0.00016000
107.3	0.00016100
107.4	0.00016000
107.5	0.00016100
107.6	0.00016200
107.7	0.00016100
107.8	0.00016200
107.9	0.00016200
108	0.00016300
108.1	0.00016500
108.2	0.00016700
108.3	0.00016700
108.4	0.00016600
108.5	0.00016600
108.6	0.00016700
108.7	0.00016600
108.8	0.00016700
108.9	0.00016700
109	0.00016500
109.1	0.00016400
109.2	0.00016400
109.3	0.00016500
109.4	0.00016600
109.5	0.00016500
109.6	0.00016500
109.7	0.00016600
109.8	0.00016600
109.9	0.00016600
110	0.00016700
110.1	0.00016700
110.2	0.00016700
110.3	0.00016700
110.4	0.00016800
110.5	0.00016800
110.6	0.00016800
110.7	0.00016800
110.8	0.00016800
110.9	0.00016800
111	0.00016800
111.1	0.00016800
111.2	0.00016800
111.3	0.00016800
111.4	0.00016900
111.5	0.00016900
111.6	0.00016900
111.7	0.00016900
111.8	0.00017000
111.9	0.00017000
112	0.00017000
112.1	0.00017100
112.2	0.00017100
112.3	0.00017100
112.4	0.00017100
112.5	0.00017200
112.6	0.00017200
112.7	0.00017200
112.8	0.00017300
112.9	0.00017300
113	0.00017300
113.1	0.00017300
113.2	0.00017300
113.3	0.00017400
113.4	0.00017400
113.5	0.00017400
113.6	0.00017500
113.7	0.00017500
113.8	0.00017500
113.9	0.00017600
114	0.00017600
114.1	0.00017600
114.2	0.00017700
114.3	0.00017700
114.4	0.00017800
114.5	0.00017900
114.6	0.00017800
114.7	0.00017900
114.8	0.00018000
114.9	0.00018000
115	0.00018000
115.1	0.00018000
115.2	0.00018000
115.3	0.00017900
115.4	0.00017900
115.5	0.00018000
115.6	0.00018100
115.7	0.00018200
115.8	0.00018200
115.9	0.00018200
116	0.00018200
116.1	0.00018300
116.2	0.00018300
116.3	0.00018200
116.4	0.00018200
116.5	0.00018200
116.6	0.00018200
116.7	0.00018300
116.8	0.00018400
116.9	0.00018400
117	0.00018600
117.1	0.00018700
117.2	0.00018600
117.3	0.00018600
117.4	0.00018600
117.5	0.00018700
117.6	0.00018700
117.7	0.00018800
117.8	0.00019000
117.9	0.00019100
118	0.00019600
118.1	0.00020100
118.2	0.00019900
118.3	0.00019600
118.4	0.00019700
118.5	0.00019900
118.6	0.00020300
118.7	0.00021200
118.8	0.00022200
118.9	0.00023700
119	0.00025900
119.1	0.00024800
119.2	0.00022300
119.3	0.00020300
119.4	0.00020000
119.5	0.00019800
119.6	0.00019400
119.7	0.00019300
119.8	0.00019200
119.9	0.00019200
120	0.00019200
120.1	0.00019300
120.2	0.00019400
120.3	0.00019400
120.4	0.00019400
120.5	0.00019500
120.6	0.00019700
120.7	0.00019700
120.8	0.00019900
120.9	0.00019900
121	0.00019900
121.1	0.00019800
121.2	0.00019800
121.3	0.00019800
121.4	0.00019800
121.5	0.00019900
121.6	0.00019900
121.7	0.00020000
121.8	0.00019900
121.9	0.00019900
122	0.00019900
122.1	0.00020000
122.2	0.00020000
122.3	0.00020100
122.4	0.00020300
122.5	0.00020200
122.6	0.00020200
122.7	0.00020200
122.8	0.00020200
122.9	0.00020400
123	0.00020400
123.1	0.00020400
123.2	0.00020400
123.3	0.00020500
123.4	0.00020500
123.5	0.00020500
123.6	0.00020600
123.7	0.00020800
123.8	0.00021100
123.9	0.00021300
124	0.00021300
124.1	0.00021200
124.2	0.00021200
124.3	0.00021200
124.4	0.00021300
124.5	0.00021400
124.6	0.00021500
124.7	0.00021600
124.8	0.00021800
124.9	0.00021900
125	0.00022100
125.1	0.00022200
125.2	0.00022600
125.3	0.00023100
125.4	0.00024600
125.5	0.00026500
125.6	0.00028000
125.7	0.00030000
125.8	0.00030800
125.9	0.00028300
126	0.00026400
126.1	0.00025100
126.2	0.00025100
126.3	0.00024900
126.4	0.00025000
126.5	0.00025500
126.6	0.00027100
126.7	0.00031400
126.8	0.00037800
126.9	0.00035600
127	0.00045400
127.1	0.00046200
127.2	0.00047700
127.3	0.00047100
127.4	0.00043200
127.5	0.00038100
127.6	0.00039200
127.7	0.00035400
127.8	0.00039200
127.9	0.00043400
128	0.00053700
128.1	0.00060500
128.2	0.00048800
128.3	0.00039300
128.4	0.00034600
128.5	0.00030200
128.6	0.00028200
128.7	0.00027600
128.8	0.00027000
128.9	0.00028900
129	0.00031300
129.1	0.00029900
129.2	0.00028400
129.3	0.00026600
129.4	0.00025300
129.5	0.00024900
129.6	0.00024900
129.7	0.00024700
129.8	0.00024600
129.9	0.00024600
130	0.00025100
130.1	0.00025200
130.2	0.00024600
130.3	0.00024300
130.4	0.00024100
130.5	0.00023900
130.6	0.00023700
130.7	0.00023700
130.8	0.00023600
130.9	0.00023600
131	0.00023600
131.1	0.00023800
131.2	0.00024000
131.3	0.00024500
131.4	0.00024800
131.5	0.00025200
131.6	0.00024800
131.7	0.00024500
131.8	0.00024300
131.9	0.00024100
132	0.00024000
132.1	0.00024000
132.2	0.00024100
132.3	0.00024200
132.4	0.00024200
132.5	0.00024500
132.6	0.00025200
132.7	0.00025300
132.8	0.00026300
132.9	0.00027400
133	0.00028000
133.1	0.00028300
133.2	0.00027400
133.3	0.00026200
133.4	0.00025800
133.5	0.00025900
133.6	0.00025800
133.7	0.00026500
133.8	0.00027100
133.9	0.00026200
134	0.00025700
134.1	0.00025600
134.2	0.00025300
134.3	0.00025400
134.4	0.00025900
134.5	0.00026900
134.6	0.00029600
134.7	0.00038200
134.8	0.00049400
134.9	0.00073300
135	0.00117200
135.1	0.00065500
135.2	0.00041400
135.3	0.00039800
135.4	0.00039300
135.5	0.00036900
135.6	0.00032300
135.7	0.00029900
135.8	0.00029200
135.9	0.00029200
136	0.00028500
136.1	0.00026900
136.2	0.00026000
136.3	0.00025600
136.4	0.00025300
136.5	0.00025200
136.6	0.00025100
136.7	0.00025100
136.8	0.00025200
136.9	0.00025300
137	0.00025700
137.1	0.00026000
137.2	0.00026400
137.3	0.00026300
137.4	0.00026100
137.5	0.00025600
137.6	0.00025300
137.7	0.00025200
137.8	0.00025100
137.9	0.00025000
138	0.00025000
138.1	0.00025100
138.2	0.00025000
138.3	0.00025100
138.4	0.00025200
138.5	0.00025500
138.6	0.00025800
138.7	0.00025500
138.8	0.00025500
138.9	0.00025600
139	0.00025900
139.1	0.00026000
139.2	0.00026500
139.3	0.00026800
139.4	0.00026500
139.5	0.00026300
139.6	0.00026100
139.7	0.00026100
139.8	0.00026100
139.9	0.00026100
140	0.00026000
140.1	0.00025900
140.2	0.00026000
140.3	0.00026100
140.4	0.00026300
140.5	0.00026500
140.6	0.00026500
140.7	0.00026300
140.8	0.00026100
140.9	0.00026600
141	0.00026700
141.1	0.00026300
141.2	0.00026100
141.3	0.00026200
141.4	0.00026200
141.5	0.00026400
141.6	0.00027000
141.7	0.00027000
141.8	0.00026700
141.9	0.00026800
142	0.00027700
142.1	0.00027900
142.2	0.00029200
142.3	0.00029600
142.4	0.00029500
142.5	0.00028100
142.6	0.00028600
142.7	0.00029100
142.8	0.00029700
142.9	0.00030000
143	0.00030600
143.1	0.00031700
143.2	0.00033300
143.3	0.00034000
143.4	0.00031900
143.5	0.00030100
143.6	0.00030000
143.7	0.00030500
143.8	0.00031200
143.9	0.00031700
144	0.00031000
144.1	0.00029700
144.2	0.00028600
144.3	0.00028100
144.4	0.00027800
144.5	0.00027800
144.6	0.00028000
144.7	0.00027800
144.8	0.00027500
144.9	0.00027300
145	0.00027200
145.1	0.00027300
145.2	0.00027400
145.3	0.00027500
145.4	0.00027600
145.5	0.00027800
145.6	0.00028100
145.7	0.00028300
145.8	0.00028900
145.9	0.00029600
146	0.00029300
146.1	0.00029200
146.2	0.00029300
146.3	0.00029100
146.4	0.00029400
146.5	0.00028800
146.6	0.00028500
146.7	0.00028300
146.8	0.00028200
146.9	0.00028300
147	0.00028500
147.1	0.00029100
147.2	0.00029400
147.3	0.00029200
147.4	0.00029100
147.5	0.00029600
147.6	0.00031100
147.7	0.00033000
147.8	0.00033600
147.9	0.00041000
148	0.00048100
148.1	0.00045500
148.2	0.00038000
148.3	0.00038900
148.4	0.00040200
148.5	0.00038900
148.6	0.00037200
148.7	0.00036400
148.8	0.00036800
148.9	0.00036500
149	0.00036500
149.1	0.00038000
149.2	0.00042600
149.3	0.00048100
149.4	0.00047300
149.5	0.00040500
149.6	0.00036800
149.7	0.00035300
149.8	0.00034900
149.9	0.00035000
150	0.00036100
150.1	0.00039500
150.2	0.00045200
150.3	0.00044400
150.4	0.00048800
150.5	0.00054400
150.6	0.00054500
150.7	0.00048500
150.8	0.00046100
150.9	0.00049300
151	0.00048400
151.1	0.00040800
151.2	0.00037000
151.3	0.00038900
151.4	0.00037700
151.5	0.00033900
151.6	0.00032000
151.7	0.00031400
151.8	0.00031800
151.9	0.00031400
152	0.00031400
152.1	0.00032400
152.2	0.00032900
152.3	0.00032200
152.4	0.00032400
152.5	0.00032500
152.6	0.00033400
152.7	0.00034100
152.8	0.00033900
152.9	0.00033000
153	0.00032500
153.1	0.00032500
153.2	0.00032400
153.3	0.00032300
153.4	0.00032400
153.5	0.00032200
153.6	0.00032300
153.7	0.00032300
153.8	0.00033200
153.9	0.00034000
154	0.00034300
154.1	0.00033700
154.2	0.00033200
154.3	0.00033300
154.4	0.00033300
154.5	0.00033000
154.6	0.00032900
154.7	0.00032800
154.8	0.00033100
154.9	0.00033100
155	0.00033300
155.1	0.00033500
155.2	0.00034000
155.3	0.00034400
155.4	0.00035300
155.5	0.00037200
155.6	0.00040100
155.7	0.00043900
155.8	0.00045800
155.9	0.00049000
156	0.00052300
156.1	0.00049700
156.2	0.00047800
156.3	0.00045900
156.4	0.00042800
156.5	0.00039100
156.6	0.00037000
156.7	0.00035800
156.8	0.00035100
156.9	0.00034500
157	0.00034300
157.1	0.00034300
157.2	0.00034400
157.3	0.00034400
157.4	0.00034700
157.5	0.00034300
157.6	0.00034300
157.7	0.00034500
157.8	0.00034900
157.9	0.00035100
158	0.00035500
158.1	0.00035700
158.2	0.00036100
158.3	0.00037400
158.4	0.00037800
158.5	0.00036700
158.6	0.00036300
158.7	0.00036600
158.8	0.00037200
158.9	0.00036900
159	0.00035800
159.1	0.00035700
159.2	0.00036900
159.3	0.00035700
159.4	0.00035100
159.5	0.00035200
159.6	0.00035400
159.7	0.00035900
159.8	0.00036500
159.9	0.00037600
160	0.00039600
160.1	0.00041300
160.2	0.00042500
160.3	0.00042800
160.4	0.00044700
160.5	0.00046000
160.6	0.00046500
160.7	0.00048700
160.8	0.00054200
160.9	0.00066800
161	0.00093000
161.1	0.00116400
161.2	0.00095100
161.3	0.00077000
161.4	0.00069300
161.5	0.00069100
161.6	0.00059500
161.7	0.00052600
161.8	0.00049100
161.9	0.00045400
162	0.00043400
162.1	0.00042300
162.2	0.00042100
162.3	0.00042700
162.4	0.00042600
162.5	0.00042700
162.6	0.00042900
162.7	0.00043700
162.8	0.00044800
162.9	0.00046000
163	0.00047000
163.1	0.00048300
163.2	0.00050900
163.3	0.00052800
163.4	0.00053400
163.5	0.00056500
163.6	0.00065100
163.7	0.00094400
163.8	0.00102200
163.9	0.00082400
164	0.00062700
164.1	0.00055300
164.2	0.00052000
164.3	0.00049900
164.4	0.00048400
164.5	0.00048400
164.6	0.00049400
164.7	0.00051000
164.8	0.00051700
164.9	0.00052900
165	0.00053300
165.1	0.00053300
165.2	0.00053100
165.3	0.00052700
165.4	0.00052000
165.5	0.00050800
165.6	0.00049500
165.7	0.00048400
165.8	0.00047400
165.9	0.00046100
166	0.00044700
166.1	0.00043500
166.2	0.00042400
166.3	0.00041400
166.4	0.00040900
166.5	0.00040500
166.6	0.00040200
166.7	0.00040300
166.8	0.00040000
166.9	0.00039700
167	0.00039200
167.1	0.00038800
167.2	0.00038500
167.3	0.00038300
167.4	0.00038100
167.5	0.00038100
167.6	0.00038200
167.7	0.00038400
167.8	0.00038100
167.9	0.00038000
168	0.00038100
168.1	0.00038600
168.2	0.00039500
168.3	0.00039300
168.4	0.00038800
168.5	0.00038700
168.6	0.00038800
168.7	0.00039100
168.8	0.00039300
168.9	0.00039700
169	0.00040200
169.1	0.00040700
169.2	0.00041600
169.3	0.00041600
169.4	0.00041700
169.5	0.00042500
169.6	0.00044000
169.7	0.00045400
169.8	0.00046300
169.9	0.00048500
170	0.00047700
170.1	0.00045300
170.2	0.00044600
170.3	0.00043400
170.4	0.00042300
170.5	0.00041800
170.6	0.00042000
170.7	0.00042400
170.8	0.00042500
170.9	0.00042200
171	0.00041900
171.1	0.00042300
171.2	0.00042500
171.3	0.00043700
171.4	0.00043900
171.5	0.00043600
171.6	0.00044600
171.7	0.00046100
171.8	0.00044500
171.9	0.00042400
172	0.00042300
172.1	0.00042600
172.2	0.00043600
172.3	0.00042700
172.4	0.00042600
172.5	0.00043100
172.6	0.00043800
172.7	0.00045200
172.8	0.00044000
172.9	0.00043800
173	0.00043800
173.1	0.00044300
173.2	0.00044900
173.3	0.00044200
173.4	0.00043400
173.5	0.00043100
173.6	0.00044000
173.7	0.00044800
173.8	0.00044300
173.9	0.00043900
174	0.00043800
174.1	0.00043900
174.2	0.00044300
174.3	0.00044900
174.4	0.00045200
174.5	0.00045900
174.6	0.00047700
174.7	0.00047900
174.8	0.00048800
174.9	0.00049800
175	0.00048900
175.1	0.00047700
175.2	0.00047200
175.3	0.00048100
175.4	0.00049600
175.5	0.00052200
175.6	0.00052800
175.7	0.00052200
175.8	0.00053200
175.9	0.00053600
176	0.00052800
176.1	0.00051400
176.2	0.00051200
176.3	0.00051100
176.4	0.00050700
176.5	0.00049600
176.6	0.00048900
176.7	0.00048900
176.8	0.00048800
176.9	0.00049100
177	0.00050100
177.1	0.00052000
177.2	0.00051500
177.3	0.00050800
177.4	0.00051300
177.5	0.00052800
177.6	0.00055300
177.7	0.00057900
177.8	0.00060300
177.9	0.00065800
178	0.00069300
178.1	0.00071200
178.2	0.00068700
178.3	0.00072400
178.4	0.00081100
178.5	0.00082400
178.6	0.00072200
178.7	0.00056200
178.8	0.00051500
178.9	0.00051600
179	0.00053600
179.1	0.00058900
179.2	0.00054800
179.3	0.00053100
179.4	0.00053400
179.5	0.00052500
179.6	0.00050800
179.7	0.00050400
179.8	0.00050600
179.9	0.00050600
180	0.00050700
180.1	0.00051200
180.2	0.00051400
180.3	0.00051300
180.4	0.00051100
180.5	0.00051000
180.6	0.00050900
180.7	0.00050900
180.8	0.00051000
180.9	0.00051100
181	0.00051300
181.1	0.00052300
181.2	0.00052400
181.3	0.00052500
181.4	0.00053000
181.5	0.00053300
181.6	0.00053700
181.7	0.00054000
181.8	0.00054300
181.9	0.00054400
182	0.00054300
182.1	0.00054700
182.2	0.00055200
182.3	0.00055600
182.4	0.00056000
182.5	0.00056300
182.6	0.00056600
182.7	0.00056900
182.8	0.00058500
182.9	0.00058300
183	0.00059300
183.1	0.00059500
183.2	0.00059700
183.3	0.00059900
183.4	0.00062100
183.5	0.00064400
183.6	0.00064600
183.7	0.00064900
183.8	0.00067300
183.9	0.00068500
184	0.00076100
184.1	0.00084600
184.2	0.00089400
184.3	0.00096000
184.4	0.00096200
184.5	0.00094600
184.6	0.00097600
184.7	0.00112300
184.8	0.00137800
184.9	0.00162300
185	0.00124500
185.1	0.00121000
185.2	0.00118100
185.3	0.00105600
185.4	0.00103500
185.5	0.00105900
185.6	0.00104600
185.7	0.00097900
185.8	0.00093500
185.9	0.00091200
186	0.00096800
186.1	0.00112800
186.2	0.00134400
186.3	0.00145100
186.4	0.00146400
186.5	0.00157400
186.6	0.00156400
186.7	0.00159200
186.8	0.00134300
186.9	0.00108800
187	0.00089200
187.1	0.00094300
187.2	0.00091000
187.3	0.00084000
187.4	0.00077100
187.5	0.00072100
187.6	0.00074200
187.7	0.00083300
187.8	0.00097700
187.9	0.00090800
188	0.00083800
188.1	0.00078500
188.2	0.00075700
188.3	0.00077200
188.4	0.00086900
188.5	0.00096700
188.6	0.00088800
188.7	0.00076400
188.8	0.00071500
188.9	0.00062900
189	0.00060400
189.1	0.00064600
189.2	0.00064500
189.3	0.00059700
189.4	0.00058000
189.5	0.00057100
189.6	0.00056900
189.7	0.00057000
189.8	0.00058000
189.9	0.00058300
190	0.00058600
190.1	0.00058900
190.2	0.00059100
190.3	0.00059900
190.4	0.00060600
190.5	0.00061800
190.6	0.00062700
190.7	0.00061800
190.8	0.00061500
190.9	0.00062000
191	0.00063200
191.1	0.00064600
191.2	0.00065800
191.3	0.00066900
191.4	0.00068100
191.5	0.00069800
191.6	0.00071200
191.7	0.00074900
191.8	0.00077300
191.9	0.00077600
192	0.00070200
192.1	0.00064800
192.2	0.00063600
192.3	0.00061500
192.4	0.00060400
192.5	0.00060400
192.6	0.00061200
192.7	0.00062600
192.8	0.00064600
192.9	0.00064500
193	0.00063300
193.1	0.00063100
193.2	0.00061900
193.3	0.00061400
193.4	0.00061400
193.5	0.00061800
193.6	0.00062600
193.7	0.00064200
193.8	0.00063500
193.9	0.00063200
194	0.00064000
194.1	0.00064900
194.2	0.00064700
194.3	0.00065200
194.4	0.00066100
194.5	0.00067700
194.6	0.00069500
194.7	0.00072200
194.8	0.00072800
194.9	0.00071800
195	0.00069800
195.1	0.00070000
195.2	0.00070800
195.3	0.00069500
195.4	0.00069300
195.5	0.00069400
195.6	0.00069900
195.7	0.00070600
195.8	0.00072000
195.9	0.00073500
196	0.00074400
196.1	0.00076800
196.2	0.00078300
196.3	0.00077400
196.4	0.00077500
196.5	0.00078900
196.6	0.00080800
196.7	0.00082700
196.8	0.00083100
196.9	0.00080100
197	0.00076400
197.1	0.00078100
197.2	0.00077300
197.3	0.00074100
197.4	0.00074300
197.5	0.00074900
197.6	0.00075100
197.7	0.00075500
197.8	0.00076500
197.9	0.00076400
198	0.00075900
198.1	0.00076300
198.2	0.00077800
198.3	0.00079100
198.4	0.00080500
198.5	0.00080900
198.6	0.00083500
198.7	0.00088000
198.8	0.00092200
198.9	0.00094000
199	0.00096600
199.1	0.00102300
199.2	0.00105300
199.3	0.00105800
199.4	0.00109800
199.5	0.00112800
199.6	0.00112200
199.7	0.00106400
199.8	0.00101600
199.9	0.00098000
200	0.00092200
200.1	0.00090100
200.2	0.00088800
200.3	0.00089800
200.4	0.00094800
200.5	0.00093000
200.6	0.00093800
200.7	0.00105200
200.8	0.00113600
200.9	0.00097400
201	0.00086400
201.1	0.00087200
201.2	0.00082300
201.3	0.00081000
201.4	0.00082000
201.5	0.00085000
201.6	0.00086300
201.7	0.00087900
201.8	0.00091200
201.9	0.00095900
202	0.00099200
202.1	0.00100500
202.2	0.00100200
202.3	0.00099300
202.4	0.00099700
202.5	0.00101100
202.6	0.00096600
202.7	0.00093700
202.8	0.00091400
202.9	0.00091600
203	0.00091000
203.1	0.00089300
203.2	0.00090100
203.3	0.00091400
203.4	0.00090800
203.5	0.00091300
203.6	0.00092700
203.7	0.00096700
203.8	0.00096300
203.9	0.00096100
204	0.00098200
204.1	0.00099400
204.2	0.00100100
204.3	0.00100100
204.4	0.00100800
204.5	0.00100700
204.6	0.00101400
204.7	0.00104100
204.8	0.00108300
204.9	0.00114100
205	0.00117800
205.1	0.00121600
205.2	0.00120500
205.3	0.00116400
205.4	0.00112900
205.5	0.00111800
205.6	0.00110600
205.7	0.00115300
205.8	0.00125200
205.9	0.00124000
206	0.00123500
206.1	0.00114800
206.2	0.00116100
206.3	0.00120000
206.4	0.00117700
206.5	0.00112000
206.6	0.00111000
206.7	0.00112600
206.8	0.00116300
206.9	0.00121400
207	0.00127900
207.1	0.00133700
207.2	0.00139500
207.3	0.00132800
207.4	0.00133700
207.5	0.00135900
207.6	0.00145400
207.7	0.00156400
207.8	0.00167900
207.9	0.00181500
208	0.00177700
208.1	0.00154500
208.2	0.00150400
208.3	0.00146800
208.4	0.00146600
208.5	0.00147200
208.6	0.00155800
208.7	0.00166400
208.8	0.00199600
208.9	0.00231600
209	0.00294700
209.1	0.00336400
209.2	0.00277000
209.3	0.00255900
209.4	0.00278800
209.5	0.00267400
209.6	0.00170400
209.7	0.00133400
209.8	0.00137000
209.9	0.00117000
210	0.00112500
210.1	0.00117100
210.2	0.00123900
210.3	0.00129200
210.4	0.00135400
210.5	0.00136700
210.6	0.00138500
210.7	0.00135700
210.8	0.00133100
210.9	0.00141700
211	0.00143400
211.1	0.00149000
211.2	0.00147100
211.3	0.00147000
211.4	0.00145700
211.5	0.00142700
211.6	0.00141200
211.7	0.00142900
211.8	0.00146700
211.9	0.00154300
212	0.00159700
212.1	0.00166100
212.2	0.00179400
212.3	0.00190300
212.4	0.00199400
212.5	0.00201100
212.6	0.00221200
212.7	0.00253000
212.8	0.00275500
212.9	0.00301900
213	0.00347100
213.1	0.00385700
213.2	0.00403600
213.3	0.00325200
213.4	0.00261900
213.5	0.00221300
213.6	0.00257500
213.7	0.00243500
213.8	0.00193100
213.9	0.00163100
214	0.00176200
214.1	0.00179500
214.2	0.00183800
214.3	0.00191900
214.4	0.00192700
214.5	0.00186600
214.6	0.00207400
214.7	0.00231900
214.8	0.00260700
214.9	0.00289900
215	0.00277500
215.1	0.00298300
215.2	0.00313000
215.3	0.00307200
215.4	0.00312100
215.5	0.00307500
215.6	0.00304900
215.7	0.00290800
215.8	0.00252900
215.9	0.00206400
216	0.00164500
216.1	0.00161300
216.2	0.00174400
216.3	0.00186500
216.4	0.00196100
216.5	0.00214000
216.6	0.00252500
216.7	0.00273100
216.8	0.00254400
216.9	0.00212500
217	0.00171900
217.1	0.00138300
217.2	0.00124100
217.3	0.00115400
217.4	0.00109100
217.5	0.00106600
217.6	0.00106100
217.7	0.00118500
217.8	0.00126100
217.9	0.00121400
218	0.00111500
218.1	0.00106200
218.2	0.00105900
218.3	0.00106900
218.4	0.00110300
218.5	0.00115600
218.6	0.00124900
218.7	0.00129300
218.8	0.00129400
218.9	0.00128000
219	0.00126400
219.1	0.00125100
219.2	0.00124700
219.3	0.00124000
219.4	0.00124000
219.5	0.00125900
219.6	0.00128300
219.7	0.00130300
219.8	0.00128600
219.9	0.00128500
220	0.00122400
220.1	0.00119200
220.2	0.00119900
220.3	0.00122200
220.4	0.00123600
220.5	0.00125300
220.6	0.00131400
220.7	0.00134300
220.8	0.00136600
220.9	0.00139300
221	0.00139400
221.1	0.00148700
221.2	0.00155100
221.3	0.00164400
221.4	0.00177200
221.5	0.00187100
221.6	0.00200800
221.7	0.00206600
221.8	0.00201700
221.9	0.00209600
222	0.00244500
222.1	0.00230600
222.2	0.00229100
222.3	0.00238500
222.4	0.00253900
222.5	0.00278800
222.6	0.00290200
222.7	0.00286000
222.8	0.00259200
222.9	0.00264300
223	0.00302400
223.1	0.00276200
223.2	0.00278600
223.3	0.00275000
223.4	0.00228200
223.5	0.00180700
223.6	0.00152300
223.7	0.00142100
223.8	0.00141700
223.9	0.00153200
224	0.00168300
224.1	0.00184800
224.2	0.00201400
224.3	0.00197100
224.4	0.00222000
224.5	0.00244600
224.6	0.00225200
224.7	0.00188800
224.8	0.00166900
224.9	0.00158500
225	0.00157900
225.1	0.00162700
225.2	0.00169500
225.3	0.00178800
225.4	0.00193700
225.5	0.00214300
225.6	0.00217400
225.7	0.00231700
225.8	0.00230700
225.9	0.00225900
226	0.00221500
226.1	0.00212400
226.2	0.00214000
226.3	0.00211000
226.4	0.00192400
226.5	0.00180100
226.6	0.00183100
226.7	0.00184400
226.8	0.00192200
226.9	0.00197100
227	0.00205500
227.1	0.00232400
227.2	0.00278200
227.3	0.00274300
227.4	0.00255800
227.5	0.00234500
227.6	0.00222800
227.7	0.00237200
227.8	0.00268400
227.9	0.00296500
228	0.00295700
228.1	0.00267200
228.2	0.00273700
228.3	0.00300700
228.4	0.00317100
228.5	0.00343200
228.6	0.00277900
228.7	0.00198300
228.8	0.00165500
228.9	0.00180300
229	0.00196400
229.1	0.00219900
229.2	0.00216900
229.3	0.00213900
229.4	0.00204300
229.5	0.00214500
229.6	0.00246600
229.7	0.00281400
229.8	0.00284100
229.9	0.00262600
230	0.00250300
230.1	0.00221600
230.2	0.00193700
230.3	0.00161500
230.4	0.00149200
230.5	0.00140100
230.6	0.00130300
230.7	0.00129900
230.8	0.00131900
230.9	0.00127500
231	0.00126300
231.1	0.00122400
231.2	0.00126300
231.3	0.00126000
231.4	0.00123200
231.5	0.00122300
231.6	0.00122800
231.7	0.00123700
231.8	0.00123700
231.9	0.00124200
232	0.00124500
232.1	0.00126700
232.2	0.00130400
232.3	0.00135900
232.4	0.00138000
232.5	0.00143400
232.6	0.00151700
232.7	0.00158100
232.8	0.00168400
232.9	0.00162900
233	0.00150200
233.1	0.00148000
233.2	0.00149400
233.3	0.00154400
233.4	0.00155800
233.5	0.00156300
233.6	0.00159900
233.7	0.00164700
233.8	0.00170200
233.9	0.00179200
234	0.00185900
234.1	0.00196000
234.2	0.00203000
234.3	0.00202200
234.4	0.00206400
234.5	0.00210100
234.6	0.00205900
234.7	0.00196500
234.8	0.00185700
234.9	0.00176600
235	0.00179000
235.1	0.00182500
235.2	0.00181600
235.3	0.00178500
235.4	0.00179700
235.5	0.00182000
235.6	0.00184400
235.7	0.00187300
235.8	0.00189900
235.9	0.00197100
236	0.00200200
236.1	0.00204400
236.2	0.00209400
236.3	0.00202900
236.4	0.00197400
236.5	0.00194300
236.6	0.00195900
236.7	0.00207000
236.8	0.00203200
236.9	0.00199900
237	0.00200400
237.1	0.00206000
237.2	0.00205000
237.3	0.00201700
237.4	0.00203200
237.5	0.00201300
237.6	0.00201600
237.7	0.00198800
237.8	0.00199100
237.9	0.00198600
238	0.00196800
238.1	0.00196500
238.2	0.00199300
238.3	0.00203000
238.4	0.00206300
238.5	0.00213200
238.6	0.00224000
238.7	0.00225800
238.8	0.00228800
238.9	0.00214500
239	0.00205800
239.1	0.00202600
239.2	0.00202500
239.3	0.00206300
239.4	0.00205800
239.5	0.00206300
239.6	0.00210600
239.7	0.00214400
239.8	0.00218000
239.9	0.00218800
240	0.00221700
240.1	0.00224600
240.2	0.00228100
240.3	0.00232000
240.4	0.00238200
240.5	0.00246900
240.6	0.00255100
240.7	0.00256700
240.8	0.00259700
240.9	0.00263200
241	0.00273400
241.1	0.00282400
241.2	0.00298200
241.3	0.00299200
241.4	0.00305000
241.5	0.00300200
241.6	0.00287900
241.7	0.00288500
241.8	0.00275900
241.9	0.00251100
242	0.00229500
242.1	0.00223100
242.2	0.00229300
242.3	0.00229900
242.4	0.00234000
242.5	0.00241800
242.6	0.00245200
242.7	0.00251800
242.8	0.00254700
242.9	0.00257300
243	0.00266300
243.1	0.00270400
243.2	0.00273100
243.3	0.00278600
243.4	0.00285600
243.5	0.00288000
243.6	0.00293700
243.7	0.00301600
243.8	0.00311400
243.9	0.00314000
244	0.00317800
244.1	0.00312800
244.2	0.00311400
244.3	0.00305600
244.4	0.00313700
244.5	0.00316200
244.6	0.00322000
244.7	0.00334000
244.8	0.00343700
244.9	0.00350800
245	0.00352300
245.1	0.00362900
245.2	0.00378400
245.3	0.00398100
245.4	0.00420100
245.5	0.00436300
245.6	0.00443200
245.7	0.00442500
245.8	0.00445000
245.9	0.00443800
246	0.00437700
246.1	0.00436400
246.2	0.00417400
246.3	0.00385300
246.4	0.00358200
246.5	0.00369100
246.6	0.00382800
246.7	0.00403400
246.8	0.00424100
246.9	0.00443800
247	0.00442800
247.1	0.00433600
247.2	0.00471200
247.3	0.00506600
247.4	0.00494200
247.5	0.00469700
247.6	0.00456400
247.7	0.00469700
247.8	0.00488400
247.9	0.00513600
248	0.00551000
248.1	0.00592600
248.2	0.00620100
248.3	0.00630400
248.4	0.00651500
248.5	0.00664400
248.6	0.00700400
248.7	0.00731800
248.8	0.00763000
248.9	0.00815900
249	0.00845700
249.1	0.00765300
249.2	0.00577600
249.3	0.00510700
249.4	0.00416600
249.5	0.00424100
249.6	0.00426800
249.7	0.00407200
249.8	0.00408400
249.9	0.00461400
250	0.00450500
