1	0.00000322
1.1	0.00000337
1.2	0.00000350
1.3	0.00000362
1.4	0.00000375
1.5	0.00000389
1.6	0.00000402
1.7	0.00000413
1.8	0.00000426
1.9	0.00000439
2	0.00000451
2.1	0.00000463
2.2	0.00000476
2.3	0.00000488
2.4	0.00000499
2.5	0.00000514
2.6	0.00000525
2.7	0.00000536
2.8	0.00000549
2.9	0.00000559
3	0.00000572
3.1	0.00000585
3.2	0.00000599
3.3	0.00000606
3.4	0.00000621
3.5	0.00000631
3.6	0.00000645
3.7	0.00000655
3.8	0.00000666
3.9	0.00000680
4	0.00000690
4.1	0.00000710
4.2	0.00000720
4.3	0.00000730
4.4	0.00000740
4.5	0.00000740
4.6	0.00000760
4.7	0.00000780
4.8	0.00000790
4.9	0.00000800
5	0.00000810
5.1	0.00000820
5.2	0.00000830
5.3	0.00000840
5.4	0.00000860
5.5	0.00000870
5.6	0.00000880
5.7	0.00000890
5.8	0.00000900
5.9	0.00000910
6	0.00000920
6.1	0.00000940
6.2	0.00000940
6.3	0.00000960
6.4	0.00000970
6.5	0.00000980
6.6	0.00001000
6.7	0.00001000
6.8	0.00001020
6.9	0.00001030
7	0.00001040
7.1	0.00001050
7.2	0.00001060
7.3	0.00001080
7.4	0.00001090
7.5	0.00001100
7.6	0.00001110
7.7	0.00001120
7.8	0.00001130
7.9	0.00001140
8	0.00001160
8.1	0.00001170
8.2	0.00001170
8.3	0.00001190
8.4	0.00001200
8.5	0.00001210
8.6	0.00001220
8.7	0.00001230
8.8	0.00001250
8.9	0.00001260
9	0.00001270
9.1	0.00001280
9.2	0.00001290
9.3	0.00001300
9.4	0.00001310
9.5	0.00001330
9.6	0.00001330
9.7	0.00001350
9.8	0.00001360
9.9	0.00001370
10	0.00001380
10.1	0.00001390
10.2	0.00001410
10.3	0.00001410
10.4	0.00001430
10.5	0.00001440
10.6	0.00001450
10.7	0.00001460
10.8	0.00001470
10.9	0.00001480
11	0.00001490
11.1	0.00001510
11.2	0.00001520
11.3	0.00001530
11.4	0.00001540
11.5	0.00001550
11.6	0.00001570
11.7	0.00001580
11.8	0.00001590
11.9	0.00001600
12	0.00001610
12.1	0.00001620
12.2	0.00001630
12.3	0.00001640
12.4	0.00001660
12.5	0.00001670
12.6	0.00001680
12.7	0.00001690
12.8	0.00001700
12.9	0.00001710
13	0.00001720
13.1	0.00001740
13.2	0.00001750
13.3	0.00001760
13.4	0.00001760
13.5	0.00001780
13.6	0.00001790
13.7	0.00001800
13.8	0.00001810
13.9	0.00001830
14	0.00001830
14.1	0.00001840
14.2	0.00001860
14.3	0.00001870
14.4	0.00001880
14.5	0.00001890
14.6	0.00001910
14.7	0.00001910
14.8	0.00001920
14.9	0.00001930
15	0.00001950
15.1	0.00001950
15.2	0.00001970
15.3	0.00001980
15.4	0.00002000
15.5	0.00002010
15.6	0.00002040
15.7	0.00002060
15.8	0.00002050
15.9	0.00002060
16	0.00002080
16.1	0.00002090
16.2	0.00002110
16.3	0.00002110
16.4	0.00002120
16.5	0.00002130
16.6	0.00002140
16.7	0.00002150
16.8	0.00002170
16.9	0.00002190
17	0.00002210
17.1	0.00002220
17.2	0.00002230
17.3	0.00002220
17.4	0.00002230
17.5	0.00002240
17.6	0.00002250
17.7	0.00002260
17.8	0.00002260
17.9	0.00002270
18	0.00002280
18.1	0.00002300
18.2	0.00002310
18.3	0.00002320
18.4	0.00002330
18.5	0.00002340
18.6	0.00002350
18.7	0.00002360
18.8	0.00002380
18.9	0.00002400
19	0.00002430
19.1	0.00002460
19.2	0.00002500
19.3	0.00002500
19.4	0.00002490
19.5	0.00002490
19.6	0.00002500
19.7	0.00002550
19.8	0.00002550
19.9	0.00002530
20	0.00002530
20.1	0.00002540
20.2	0.00002580
20.3	0.00002670
20.4	0.00002810
20.5	0.00002920
20.6	0.00002870
20.7	0.00002780
20.8	0.00002740
20.9	0.00002750
21	0.00002810
21.1	0.00002990
21.2	0.00003140
21.3	0.00003310
21.4	0.00003310
21.5	0.00003070
21.6	0.00002980
21.7	0.00003000
21.8	0.00003050
21.9	0.00003230
22	0.00003560
22.1	0.00003700
22.2	0.00003280
22.3	0.00003370
22.4	0.00003440
22.5	0.00003210
22.6	0.00003090
22.7	0.00003050
22.8	0.00003040
22.9	0.00003080
23	0.00003130
23.1	0.00003230
23.2	0.00003290
23.3	0.00003340
23.4	0.00003450
23.5	0.00003530
23.6	0.00003490
23.7	0.00003350
23.8	0.00003240
23.9	0.00003180
24	0.00003140
24.1	0.00003120
24.2	0.00003170
24.3	0.00003130
24.4	0.00003110
24.5	0.00003130
24.6	0.00003140
24.7	0.00003150
24.8	0.00003130
24.9	0.00003150
25	0.00003180
25.1	0.00003220
25.2	0.00003280
25.3	0.00003260
25.4	0.00003230
25.5	0.00003220
25.6	0.00003240
25.7	0.00003250
25.8	0.00003280
25.9	0.00003310
26	0.00003290
26.1	0.00003280
26.2	0.00003280
26.3	0.00003290
26.4	0.00003320
26.5	0.00003360
26.6	0.00003410
26.7	0.00003410
26.8	0.00003400
26.9	0.00003380
27	0.00003380
27.1	0.00003390
27.2	0.00003410
27.3	0.00003420
27.4	0.00003430
27.5	0.00003450
27.6	0.00003460
27.7	0.00003460
27.8	0.00003450
27.9	0.00003460
28	0.00003470
28.1	0.00003470
28.2	0.00003480
28.3	0.00003500
28.4	0.00003500
28.5	0.00003510
28.6	0.00003520
28.7	0.00003540
28.8	0.00003550
28.9	0.00003570
29	0.00003590
29.1	0.00003590
29.2	0.00003590
29.3	0.00003600
29.4	0.00003610
29.5	0.00003610
29.6	0.00003620
29.7	0.00003640
29.8	0.00003650
29.9	0.00003670
30	0.00003680
30.1	0.00003700
30.2	0.00003720
30.3	0.00003730
30.4	0.00003730
30.5	0.00003730
30.6	0.00003740
30.7	0.00003750
30.8	0.00003770
30.9	0.00003790
31	0.00003790
31.1	0.00003800
31.2	0.00003810
31.3	0.00003820
31.4	0.00003830
31.5	0.00003860
31.6	0.00003860
31.7	0.00003860
31.8	0.00003870
31.9	0.00003880
32	0.00003900
32.1	0.00003920
32.2	0.00003940
32.3	0.00003950
32.4	0.00003980
32.5	0.00003980
32.6	0.00003980
32.7	0.00003990
32.8	0.00003990
32.9	0.00004000
33	0.00004020
33.1	0.00004050
33.2	0.00004060
33.3	0.00004070
33.4	0.00004090
33.5	0.00004120
33.6	0.00004130
33.7	0.00004120
33.8	0.00004120
33.9	0.00004130
34	0.00004140
34.1	0.00004170
34.2	0.00004180
34.3	0.00004180
34.4	0.00004190
34.5	0.00004200
34.6	0.00004220
34.7	0.00004230
34.8	0.00004240
34.9	0.00004260
35	0.00004280
35.1	0.00004290
35.2	0.00004300
35.3	0.00004300
35.4	0.00004300
35.5	0.00004300
35.6	0.00004330
35.7	0.00004330
35.8	0.00004340
35.9	0.00004340
36	0.00004360
36.1	0.00004370
36.2	0.00004390
36.3	0.00004400
36.4	0.00004410
36.5	0.00004430
36.6	0.00004450
36.7	0.00004470
36.8	0.00004480
36.9	0.00004510
37	0.00004520
37.1	0.00004540
37.2	0.00004550
37.3	0.00004560
37.4	0.00004570
37.5	0.00004590
37.6	0.00004580
37.7	0.00004580
37.8	0.00004600
37.9	0.00004650
38	0.00004670
38.1	0.00004670
38.2	0.00004660
38.3	0.00004670
38.4	0.00004680
38.5	0.00004700
38.6	0.00004700
38.7	0.00004710
38.8	0.00004710
38.9	0.00004720
39	0.00004730
39.1	0.00004750
39.2	0.00004750
39.3	0.00004780
39.4	0.00004780
39.5	0.00004790
39.6	0.00004800
39.7	0.00004830
39.8	0.00004860
39.9	0.00004900
40	0.00004900
40.1	0.00004900
40.2	0.00004900
40.3	0.00005000
40.4	0.00005000
40.5	0.00005000
40.6	0.00005000
40.7	0.00005000
40.8	0.00005000
40.9	0.00005000
41	0.00005000
41.1	0.00005000
41.2	0.00005000
41.3	0.00005000
41.4	0.00005000
41.5	0.00005000
41.6	0.00005000
41.7	0.00005000
41.8	0.00005100
41.9	0.00005200
42	0.00005200
42.1	0.00005200
42.2	0.00005200
42.3	0.00005200
42.4	0.00005300
42.5	0.00005300
42.6	0.00005400
42.7	0.00005300
42.8	0.00005300
42.9	0.00005300
43	0.00005300
43.1	0.00005500
43.2	0.00005600
43.3	0.00005600
43.4	0.00005600
43.5	0.00005600
43.6	0.00005600
43.7	0.00005700
43.8	0.00005600
43.9	0.00005500
44	0.00005600
44.1	0.00005600
44.2	0.00005700
44.3	0.00005800
44.4	0.00005800
44.5	0.00005700
44.6	0.00005700
44.7	0.00005800
44.8	0.00006200
44.9	0.00006700
45	0.00006900
45.1	0.00010000
45.2	0.00012900
45.3	0.00008100
45.4	0.00006800
45.5	0.00006300
45.6	0.00006100
45.7	0.00006400
45.8	0.00006500
45.9	0.00006500
46	0.00006900
46.1	0.00006900
46.2	0.00006300
46.3	0.00006300
46.4	0.00006400
46.5	0.00006600
46.6	0.00006700
46.7	0.00006500
46.8	0.00006300
46.9	0.00006200
47	0.00006100
47.1	0.00006100
47.2	0.00006100
47.3	0.00006100
47.4	0.00006300
47.5	0.00006400
47.6	0.00006300
47.7	0.00006300
47.8	0.00006200
47.9	0.00006100
48	0.00006100
48.1	0.00006100
48.2	0.00006100
48.3	0.00006100
48.4	0.00006100
48.5	0.00006200
48.6	0.00006200
48.7	0.00006200
48.8	0.00006200
48.9	0.00006100
49	0.00006100
49.1	0.00006100
49.2	0.00006100
49.3	0.00006100
49.4	0.00006100
49.5	0.00006100
49.6	0.00006100
49.7	0.00006100
49.8	0.00006100
49.9	0.00006200
50	0.00006200
50.1	0.00006200
50.2	0.00006200
50.3	0.00006200
50.4	0.00006200
50.5	0.00006200
50.6	0.00006200
50.7	0.00006300
50.8	0.00006300
50.9	0.00006300
51	0.00006300
51.1	0.00006300
51.2	0.00006300
51.3	0.00006300
51.4	0.00006300
51.5	0.00006400
51.6	0.00006400
51.7	0.00006400
51.8	0.00006400
51.9	0.00006400
52	0.00006500
52.1	0.00006500
52.2	0.00006500
52.3	0.00006500
52.4	0.00006500
52.5	0.00006500
52.6	0.00006500
52.7	0.00006500
52.8	0.00006500
52.9	0.00006500
53	0.00006500
53.1	0.00006500
53.2	0.00006500
53.3	0.00006500
53.4	0.00006500
53.5	0.00006500
53.6	0.00006600
53.7	0.00006600
53.8	0.00006600
53.9	0.00006600
54	0.00006600
54.1	0.00006700
54.2	0.00006700
54.3	0.00006700
54.4	0.00006700
54.5	0.00006700
54.6	0.00006700
54.7	0.00006700
54.8	0.00006700
54.9	0.00006700
55	0.00006700
55.1	0.00006800
55.2	0.00006800
55.3	0.00006800
55.4	0.00006800
55.5	0.00006800
55.6	0.00006800
55.7	0.00006800
55.8	0.00006900
55.9	0.00006900
56	0.00006900
56.1	0.00006900
56.2	0.00006900
56.3	0.00006900
56.4	0.00006900
56.5	0.00006900
56.6	0.00007000
56.7	0.00007000
56.8	0.00007000
56.9	0.00007000
57	0.00007000
57.1	0.00007000
57.2	0.00007000
57.3	0.00007000
57.4	0.00007000
57.5	0.00007100
57.6	0.00007100
57.7	0.00007100
57.8	0.00007100
57.9	0.00007100
58	0.00007100
58.1	0.00007200
58.2	0.00007100
58.3	0.00007200
58.4	0.00007200
58.5	0.00007200
58.6	0.00007200
58.7	0.00007300
58.8	0.00007300
58.9	0.00007300
59	0.00007300
59.1	0.00007300
59.2	0.00007300
59.3	0.00007400
59.4	0.00007500
59.5	0.00007600
59.6	0.00007700
59.7	0.00007900
59.8	0.00008000
59.9	0.00008300
60	0.00009200
60.1	0.00012400
60.2	0.00015100
60.3	0.00016300
60.4	0.00013600
60.5	0.00010900
60.6	0.00009400
60.7	0.00008700
60.8	0.00008400
60.9	0.00008300
61	0.00008200
61.1	0.00008000
61.2	0.00008000
61.3	0.00007900
61.4	0.00007900
61.5	0.00007900
61.6	0.00007900
61.7	0.00007900
61.8	0.00007800
61.9	0.00007800
62	0.00007900
62.1	0.00007900
62.2	0.00007800
62.3	0.00007900
62.4	0.00007800
62.5	0.00007900
62.6	0.00007900
62.7	0.00007900
62.8	0.00007900
62.9	0.00007900
63	0.00007900
63.1	0.00007900
63.2	0.00007900
63.3	0.00008000
63.4	0.00008000
63.5	0.00007900
63.6	0.00008000
63.7	0.00008000
63.8	0.00008000
63.9	0.00008000
64	0.00008000
64.1	0.00008000
64.2	0.00008000
64.3	0.00008100
64.4	0.00008100
64.5	0.00008100
64.6	0.00008100
64.7	0.00008100
64.8	0.00008100
64.9	0.00008100
65	0.00008100
65.1	0.00008200
65.2	0.00008200
65.3	0.00008200
65.4	0.00008200
65.5	0.00008200
65.6	0.00008200
65.7	0.00008200
65.8	0.00008200
65.9	0.00008300
66	0.00008300
66.1	0.00008300
66.2	0.00008300
66.3	0.00008400
66.4	0.00008400
66.5	0.00008400
66.6	0.00008300
66.7	0.00008400
66.8	0.00008400
66.9	0.00008600
67	0.00008500
67.1	0.00008500
67.2	0.00008500
67.3	0.00008500
67.4	0.00008500
67.5	0.00008500
67.6	0.00008500
67.7	0.00008500
67.8	0.00008500
67.9	0.00008500
68	0.00008500
68.1	0.00008500
68.2	0.00008600
68.3	0.00008600
68.4	0.00008600
68.5	0.00008600
68.6	0.00008600
68.7	0.00008600
68.8	0.00008600
68.9	0.00008600
69	0.00008700
69.1	0.00008700
69.2	0.00008700
69.3	0.00008700
69.4	0.00008700
69.5	0.00008700
69.6	0.00008700
69.7	0.00008800
69.8	0.00008800
69.9	0.00008800
70	0.00008800
70.1	0.00008800
70.2	0.00008800
70.3	0.00008900
70.4	0.00008900
70.5	0.00008900
70.6	0.00008900
70.7	0.00008900
70.8	0.00008900
70.9	0.00009000
71	0.00009000
71.1	0.00009000
71.2	0.00009000
71.3	0.00009000
71.4	0.00009100
71.5	0.00009200
71.6	0.00009300
71.7	0.00009500
71.8	0.00009600
71.9	0.00009700
72	0.00010000
72.1	0.00009900
72.2	0.00010100
72.3	0.00010700
72.4	0.00010300
72.5	0.00010800
72.6	0.00012000
72.7	0.00012900
72.8	0.00012200
72.9	0.00011200
73	0.00011500
73.1	0.00010900
73.2	0.00010800
73.3	0.00010300
73.4	0.00009900
73.5	0.00010000
73.6	0.00009900
73.7	0.00009700
73.8	0.00009700
73.9	0.00009800
74	0.00009800
74.1	0.00009700
74.2	0.00009700
74.3	0.00009600
74.4	0.00009700
74.5	0.00009600
74.6	0.00009600
74.7	0.00009700
74.8	0.00009700
74.9	0.00009700
75	0.00009800
75.1	0.00009700
75.2	0.00009700
75.3	0.00009700
75.4	0.00009700
75.5	0.00009800
75.6	0.00009800
75.7	0.00009800
75.8	0.00009800
75.9	0.00009800
76	0.00009800
76.1	0.00010100
76.2	0.00010100
76.3	0.00009900
76.4	0.00009900
76.5	0.00010000
76.6	0.00009900
76.7	0.00009900
76.8	0.00009900
76.9	0.00010400
77	0.00010800
77.1	0.00010400
77.2	0.00010200
77.3	0.00010100
77.4	0.00010100
77.5	0.00010100
77.6	0.00010100
77.7	0.00010200
77.8	0.00010300
77.9	0.00010700
78	0.00011100
78.1	0.00011600
78.2	0.00012600
78.3	0.00017400
78.4	0.00021000
78.5	0.00015600
78.6	0.00014000
78.7	0.00015000
78.8	0.00017900
78.9	0.00022900
79	0.00030600
79.1	0.00017800
79.2	0.00017300
79.3	0.00016400
79.4	0.00014000
79.5	0.00013400
79.6	0.00013200
79.7	0.00012600
79.8	0.00012200
79.9	0.00012100
80	0.00012000
80.1	0.00011800
80.2	0.00012000
80.3	0.00012500
80.4	0.00012800
80.5	0.00012700
80.6	0.00013000
80.7	0.00012300
80.8	0.00011900
80.9	0.00011700
81	0.00011700
81.1	0.00011500
81.2	0.00011300
81.3	0.00011200
81.4	0.00011400
81.5	0.00011300
81.6	0.00011200
81.7	0.00011200
81.8	0.00011100
81.9	0.00011100
82	0.00011000
82.1	0.00011000
82.2	0.00011000
82.3	0.00011000
82.4	0.00011000
82.5	0.00011100
82.6	0.00011100
82.7	0.00011200
82.8	0.00011200
82.9	0.00011200
83	0.00011200
83.1	0.00011200
83.2	0.00011200
83.3	0.00011200
83.4	0.00011200
83.5	0.00011200
83.6	0.00011200
83.7	0.00011200
83.8	0.00011200
83.9	0.00011300
84	0.00011300
84.1	0.00011300
84.2	0.00011400
84.3	0.00011300
84.4	0.00011300
84.5	0.00011300
84.6	0.00011600
84.7	0.00011600
84.8	0.00011700
84.9	0.00011700
85	0.00011700
85.1	0.00011700
85.2	0.00011900
85.3	0.00011900
85.4	0.00011900
85.5	0.00012200
85.6	0.00012700
85.7	0.00014700
85.8	0.00021000
85.9	0.00017700
86	0.00013800
86.1	0.00012600
86.2	0.00012300
86.3	0.00012100
86.4	0.00011900
86.5	0.00011900
86.6	0.00011900
86.7	0.00011700
86.8	0.00011700
86.9	0.00011800
87	0.00011700
87.1	0.00011700
87.2	0.00011700
87.3	0.00011700
87.4	0.00011700
87.5	0.00011800
87.6	0.00011800
87.7	0.00011700
87.8	0.00011800
87.9	0.00011800
88	0.00011800
88.1	0.00011800
88.2	0.00011900
88.3	0.00011800
88.4	0.00011800
88.5	0.00011900
88.6	0.00011900
88.7	0.00011900
88.8	0.00011900
88.9	0.00012100
89	0.00012300
89.1	0.00012700
89.2	0.00013600
89.3	0.00014300
89.4	0.00013500
89.5	0.00014200
89.6	0.00014300
89.7	0.00013900
89.8	0.00013100
89.9	0.00012900
90	0.00013500
90.1	0.00013000
90.2	0.00012700
90.3	0.00012600
90.4	0.00012500
90.5	0.00012400
90.6	0.00012400
90.7	0.00012400
90.8	0.00012500
90.9	0.00012700
91	0.00012400
91.1	0.00012400
91.2	0.00012400
91.3	0.00012400
91.4	0.00012500
91.5	0.00012500
91.6	0.00012400
91.7	0.00012400
91.8	0.00012500
91.9	0.00012600
92	0.00012800
92.1	0.00013200
92.2	0.00013700
92.3	0.00013800
92.4	0.00013400
92.5	0.00013400
92.6	0.00014000
92.7	0.00013900
92.8	0.00013100
92.9	0.00014400
93	0.00013800
93.1	0.00013400
93.2	0.00013500
93.3	0.00015300
93.4	0.00017200
93.5	0.00016300
93.6	0.00015000
93.7	0.00015400
93.8	0.00014500
93.9	0.00014600
94	0.00014300
94.1	0.00014300
94.2	0.00017600
94.3	0.00019000
94.4	0.00017100
94.5	0.00019900
94.6	0.00018600
94.7	0.00019700
94.8	0.00023600
94.9	0.00028000
95	0.00032600
95.1	0.00041600
95.2	0.00040800
95.3	0.00032300
95.4	0.00028100
95.5	0.00021100
95.6	0.00022500
95.7	0.00023600
95.8	0.00020300
95.9	0.00019500
96	0.00019300
96.1	0.00020200
96.2	0.00024700
96.3	0.00021600
96.4	0.00018400
96.5	0.00016800
96.6	0.00017100
96.7	0.00016100
96.8	0.00015300
96.9	0.00015800
97	0.00015200
97.1	0.00015100
97.2	0.00015100
97.3	0.00015300
97.4	0.00014900
97.5	0.00014400
97.6	0.00014300
97.7	0.00014200
97.8	0.00014300
97.9	0.00014300
98	0.00014200
98.1	0.00014300
98.2	0.00014500
98.3	0.00014900
98.4	0.00014400
98.5	0.00015200
98.6	0.00015100
98.7	0.00014600
98.8	0.00014300
98.9	0.00014200
99	0.00014200
99.1	0.00014200
99.2	0.00014400
99.3	0.00014400
99.4	0.00014300
99.5	0.00014300
99.6	0.00014300
99.7	0.00014200
99.8	0.00014200
99.9	0.00014300
100	0.00014500
100.1	0.00014700
100.2	0.00014400
100.3	0.00014300
100.4	0.00014300
100.5	0.00014300
100.6	0.00014400
100.7	0.00014400
100.8	0.00014300
100.9	0.00014300
101	0.00014300
101.1	0.00014400
101.2	0.00014400
101.3	0.00014400
101.4	0.00014400
101.5	0.00014500
101.6	0.00014500
101.7	0.00014500
101.8	0.00014500
101.9	0.00014600
102	0.00014500
102.1	0.00014500
102.2	0.00014600
102.3	0.00014600
102.4	0.00014700
102.5	0.00014600
102.6	0.00014600
102.7	0.00014700
102.8	0.00014800
102.9	0.00014900
103	0.00014800
103.1	0.00014700
103.2	0.00014700
103.3	0.00014700
103.4	0.00014700
103.5	0.00014700
103.6	0.00014800
103.7	0.00014800
103.8	0.00014800
103.9	0.00014800
104	0.00014800
104.1	0.00014800
104.2	0.00014900
104.3	0.00014900
104.4	0.00014900
104.5	0.00015000
104.6	0.00014900
104.7	0.00014900
104.8	0.00015000
104.9	0.00015000
105	0.00015000
105.1	0.00015100
105.2	0.00015100
105.3	0.00015100
105.4	0.00015100
105.5	0.00015200
105.6	0.00015200
105.7	0.00015200
105.8	0.00015200
105.9	0.00015200
106	0.00015300
106.1	0.00015300
106.2	0.00015300
106.3	0.00015500
106.4	0.00015400
106.5	0.00015400
106.6	0.00015400
106.7	0.00015400
106.8	0.00015500
106.9	0.00015600
107	0.00015700
107.1	0.00015800
107.2	0.00015900
107.3	0.00016200
107.4	0.00016000
107.5	0.00016100
107.6	0.00016100
107.7	0.00016600
107.8	0.00016600
107.9	0.00016500
108	0.00016500
108.1	0.00016100
108.2	0.00016000
108.3	0.00016100
108.4	0.00015900
108.5	0.00015800
108.6	0.00015800
108.7	0.00015800
108.8	0.00015800
108.9	0.00015800
109	0.00015800
109.1	0.00015800
109.2	0.00015900
109.3	0.00015900
109.4	0.00015900
109.5	0.00016000
109.6	0.00016000
109.7	0.00016100
109.8	0.00016100
109.9	0.00016300
110	0.00016500
110.1	0.00017100
110.2	0.00017100
110.3	0.00016600
110.4	0.00016200
110.5	0.00016100
110.6	0.00016200
110.7	0.00016300
110.8	0.00016400
110.9	0.00016300
111	0.00016300
111.1	0.00016300
111.2	0.00016300
111.3	0.00016300
111.4	0.00016300
111.5	0.00016300
111.6	0.00016300
111.7	0.00016300
111.8	0.00016400
111.9	0.00016400
112	0.00016400
112.1	0.00016400
112.2	0.00016500
112.3	0.00016500
112.4	0.00016500
112.5	0.00016500
112.6	0.00016500
112.7	0.00016500
112.8	0.00016600
112.9	0.00016600
113	0.00016600
113.1	0.00016700
113.2	0.00016700
113.3	0.00016700
113.4	0.00016700
113.5	0.00016700
113.6	0.00016800
113.7	0.00016800
113.8	0.00016800
113.9	0.00016900
114	0.00016900
114.1	0.00016900
114.2	0.00017000
114.3	0.00017000
114.4	0.00017000
114.5	0.00017000
114.6	0.00017100
114.7	0.00017100
114.8	0.00017100
114.9	0.00017200
115	0.00017200
115.1	0.00017200
115.2	0.00017300
115.3	0.00017400
115.4	0.00017400
115.5	0.00017400
115.6	0.00017500
115.7	0.00017600
115.8	0.00017600
115.9	0.00017600
116	0.00017700
116.1	0.00017800
116.2	0.00017900
116.3	0.00018100
116.4	0.00018400
116.5	0.00018700
116.6	0.00019500
116.7	0.00020900
116.8	0.00020800
116.9	0.00018900
117	0.00018100
117.1	0.00017800
117.2	0.00017700
117.3	0.00017700
117.4	0.00017700
117.5	0.00017700
117.6	0.00017700
117.7	0.00017800
117.8	0.00017800
117.9	0.00017900
118	0.00017900
118.1	0.00018000
118.2	0.00018100
118.3	0.00018100
118.4	0.00018100
118.5	0.00018200
118.6	0.00018200
118.7	0.00018200
118.8	0.00018300
118.9	0.00018400
119	0.00018400
119.1	0.00018400
119.2	0.00018500
119.3	0.00018700
119.4	0.00018900
119.5	0.00019000
119.6	0.00019200
119.7	0.00019500
119.8	0.00019700
119.9	0.00019500
120	0.00019400
120.1	0.00019400
120.2	0.00019700
120.3	0.00020100
120.4	0.00019800
120.5	0.00019900
120.6	0.00020200
120.7	0.00020000
120.8	0.00019700
120.9	0.00019800
121	0.00019400
121.1	0.00019700
121.2	0.00019900
121.3	0.00019400
121.4	0.00019400
121.5	0.00019600
121.6	0.00019600
121.7	0.00019700
121.8	0.00019600
121.9	0.00019200
122	0.00019300
122.1	0.00019400
122.2	0.00019300
122.3	0.00019300
122.4	0.00019200
122.5	0.00019300
122.6	0.00019300
122.7	0.00019300
122.8	0.00019400
122.9	0.00019600
123	0.00019600
123.1	0.00019600
123.2	0.00019600
123.3	0.00019700
123.4	0.00019700
123.5	0.00019800
123.6	0.00019800
123.7	0.00019900
123.8	0.00020000
123.9	0.00020000
124	0.00020000
124.1	0.00020100
124.2	0.00020100
124.3	0.00020200
124.4	0.00020300
124.5	0.00020300
124.6	0.00020400
124.7	0.00020400
124.8	0.00020500
124.9	0.00020600
125	0.00020600
125.1	0.00020600
125.2	0.00020600
125.3	0.00020700
125.4	0.00020700
125.5	0.00020800
125.6	0.00020900
125.7	0.00020800
125.8	0.00021000
125.9	0.00021000
126	0.00021100
126.1	0.00021100
126.2	0.00021200
126.3	0.00021400
126.4	0.00021700
126.5	0.00022500
126.6	0.00023900
126.7	0.00028800
126.8	0.00031600
126.9	0.00027300
127	0.00023900
127.1	0.00023000
127.2	0.00022500
127.3	0.00022400
127.4	0.00022400
127.5	0.00022200
127.6	0.00022100
127.7	0.00022100
127.8	0.00022100
127.9	0.00022200
128	0.00022300
128.1	0.00022000
128.2	0.00021900
128.3	0.00022000
128.4	0.00022300
128.5	0.00022400
128.6	0.00023100
128.7	0.00025500
128.8	0.00026700
128.9	0.00025700
129	0.00025700
129.1	0.00029600
129.2	0.00039200
129.3	0.00040300
129.4	0.00048100
129.5	0.00076100
129.6	0.00068600
129.7	0.00046600
129.8	0.00034800
129.9	0.00029800
130	0.00028700
130.1	0.00030600
130.2	0.00034500
130.3	0.00030900
130.4	0.00028800
130.5	0.00027000
130.6	0.00025600
130.7	0.00024800
130.8	0.00024100
130.9	0.00023800
131	0.00023700
131.1	0.00023800
131.2	0.00024500
131.3	0.00024600
131.4	0.00024400
131.5	0.00023900
131.6	0.00023500
131.7	0.00023300
131.8	0.00023100
131.9	0.00022900
132	0.00022900
132.1	0.00022800
132.2	0.00022800
132.3	0.00022800
132.4	0.00022700
132.5	0.00022800
132.6	0.00022900
132.7	0.00022900
132.8	0.00022900
132.9	0.00022800
133	0.00022900
133.1	0.00023000
133.2	0.00023000
133.3	0.00023000
133.4	0.00022900
133.5	0.00022900
133.6	0.00023100
133.7	0.00023300
133.8	0.00023200
133.9	0.00022900
134	0.00023200
134.1	0.00023900
134.2	0.00023200
134.3	0.00023200
134.4	0.00023300
134.5	0.00023400
134.6	0.00023100
134.7	0.00023100
134.8	0.00023000
134.9	0.00022900
135	0.00022900
135.1	0.00022900
135.2	0.00023000
135.3	0.00023100
135.4	0.00023200
135.5	0.00023100
135.6	0.00023200
135.7	0.00023300
135.8	0.00023300
135.9	0.00023300
136	0.00023400
136.1	0.00023600
136.2	0.00023800
136.3	0.00023700
136.4	0.00023700
136.5	0.00024200
136.6	0.00024400
136.7	0.00024200
136.8	0.00024500
136.9	0.00025700
137	0.00024900
137.1	0.00024700
137.2	0.00024900
137.3	0.00025800
137.4	0.00025900
137.5	0.00026400
137.6	0.00027900
137.7	0.00031000
137.8	0.00032900
137.9	0.00034700
138	0.00036500
138.1	0.00042200
138.2	0.00046400
138.3	0.00061100
138.4	0.00063300
138.5	0.00068300
138.6	0.00081300
138.7	0.00070800
138.8	0.00051700
138.9	0.00042200
139	0.00039100
139.1	0.00039900
139.2	0.00038500
139.3	0.00035200
139.4	0.00033600
139.5	0.00033600
139.6	0.00033400
139.7	0.00029900
139.8	0.00028200
139.9	0.00027000
140	0.00026900
140.1	0.00026600
140.2	0.00026200
140.3	0.00026100
140.4	0.00026000
140.5	0.00026000
140.6	0.00025900
140.7	0.00025800
140.8	0.00025800
140.9	0.00025900
141	0.00026200
141.1	0.00026100
141.2	0.00026100
141.3	0.00026800
141.4	0.00027500
141.5	0.00027900
141.6	0.00029400
141.7	0.00033400
141.8	0.00037500
141.9	0.00036900
142	0.00033200
142.1	0.00028500
142.2	0.00031300
142.3	0.00031500
142.4	0.00029700
142.5	0.00028300
142.6	0.00026900
142.7	0.00028000
142.8	0.00027100
142.9	0.00026700
143	0.00026700
143.1	0.00026500
143.2	0.00027000
143.3	0.00027700
143.4	0.00028700
143.5	0.00029100
143.6	0.00028200
143.7	0.00027500
143.8	0.00027300
143.9	0.00027100
144	0.00027000
144.1	0.00027500
144.2	0.00027000
144.3	0.00026700
144.4	0.00026700
144.5	0.00026700
144.6	0.00026800
144.7	0.00026900
144.8	0.00027000
144.9	0.00027500
145	0.00029100
145.1	0.00028700
145.2	0.00028500
145.3	0.00028700
145.4	0.00028500
145.5	0.00030200
145.6	0.00031800
145.7	0.00030600
145.8	0.00029200
145.9	0.00028600
146	0.00028600
146.1	0.00030100
146.2	0.00030900
146.3	0.00029600
146.4	0.00029000
146.5	0.00028400
146.6	0.00028100
146.7	0.00027900
146.8	0.00027900
146.9	0.00028100
147	0.00028900
147.1	0.00032300
147.2	0.00032600
147.3	0.00030800
147.4	0.00029800
147.5	0.00029500
147.6	0.00029900
147.7	0.00030800
147.8	0.00031900
147.9	0.00034200
148	0.00042400
148.1	0.00054200
148.2	0.00056400
148.3	0.00051900
148.4	0.00063100
148.5	0.00060000
148.6	0.00052700
148.7	0.00052400
148.8	0.00053500
148.9	0.00060300
149	0.00084100
149.1	0.00133600
149.2	0.00111400
149.3	0.00073400
149.4	0.00062100
149.5	0.00063900
149.6	0.00071500
149.7	0.00066800
149.8	0.00056200
149.9	0.00049300
150	0.00040200
150.1	0.00039000
150.2	0.00040000
150.3	0.00036200
150.4	0.00034800
150.5	0.00032900
150.6	0.00033600
150.7	0.00034400
150.8	0.00034800
150.9	0.00035400
151	0.00035500
151.1	0.00032600
151.2	0.00031500
151.3	0.00031900
151.4	0.00032800
151.5	0.00032200
151.6	0.00031200
151.7	0.00031300
151.8	0.00032200
151.9	0.00034000
152	0.00035700
152.1	0.00037000
152.2	0.00041700
152.3	0.00050500
152.4	0.00085400
152.5	0.00100300
152.6	0.00055000
152.7	0.00043400
152.8	0.00038300
152.9	0.00037000
153	0.00034200
153.1	0.00035200
153.2	0.00034300
153.3	0.00034100
153.4	0.00035900
153.5	0.00035000
153.6	0.00033100
153.7	0.00031800
153.8	0.00031200
153.9	0.00030800
154	0.00030700
154.1	0.00030800
154.2	0.00030900
154.3	0.00031200
154.4	0.00031900
154.5	0.00032100
154.6	0.00031700
154.7	0.00031700
154.8	0.00031700
154.9	0.00031500
155	0.00031500
155.1	0.00031500
155.2	0.00031600
155.3	0.00031900
155.4	0.00032000
155.5	0.00032200
155.6	0.00032400
155.7	0.00033000
155.8	0.00034300
155.9	0.00034900
156	0.00035300
156.1	0.00034600
156.2	0.00033900
156.3	0.00033700
156.4	0.00033500
156.5	0.00033500
156.6	0.00033800
156.7	0.00034900
156.8	0.00036800
156.9	0.00038700
157	0.00041300
157.1	0.00047600
157.2	0.00067800
157.3	0.00129800
157.4	0.00102600
157.5	0.00068600
157.6	0.00054900
157.7	0.00052000
157.8	0.00052300
157.9	0.00050100
158	0.00043100
158.1	0.00040200
158.2	0.00041100
158.3	0.00048100
158.4	0.00040300
158.5	0.00037700
158.6	0.00035500
158.7	0.00037300
158.8	0.00039100
158.9	0.00036600
159	0.00038400
159.1	0.00040800
159.2	0.00041000
159.3	0.00040500
159.4	0.00035300
159.5	0.00033500
159.6	0.00033500
159.7	0.00034000
159.8	0.00033400
159.9	0.00033300
160	0.00033800
160.1	0.00034500
160.2	0.00035000
160.3	0.00034800
160.4	0.00034700
160.5	0.00034300
160.6	0.00034400
160.7	0.00034800
160.8	0.00034500
160.9	0.00034100
161	0.00034000
161.1	0.00033900
161.2	0.00033800
161.3	0.00034000
161.4	0.00034000
161.5	0.00034000
161.6	0.00034100
161.7	0.00034500
161.8	0.00034800
161.9	0.00035400
162	0.00035600
162.1	0.00036800
162.2	0.00036000
162.3	0.00036100
162.4	0.00036500
162.5	0.00037200
162.6	0.00038200
162.7	0.00040100
162.8	0.00039500
162.9	0.00037500
163	0.00037400
163.1	0.00036500
163.2	0.00036700
163.3	0.00037600
163.4	0.00039000
163.5	0.00041300
163.6	0.00041700
163.7	0.00041200
163.8	0.00040600
163.9	0.00040700
164	0.00043400
164.1	0.00047700
164.2	0.00054000
164.3	0.00060100
164.4	0.00071400
164.5	0.00086400
164.6	0.00078200
164.7	0.00059100
164.8	0.00049200
164.9	0.00043800
165	0.00042400
165.1	0.00041400
165.2	0.00040300
165.3	0.00039400
165.4	0.00039000
165.5	0.00038700
165.6	0.00038500
165.7	0.00038700
165.8	0.00039500
165.9	0.00040200
166	0.00040500
166.1	0.00042000
166.2	0.00043200
166.3	0.00042300
166.4	0.00042200
166.5	0.00042600
166.6	0.00041400
166.7	0.00040100
166.8	0.00039300
166.9	0.00039100
167	0.00039100
167.1	0.00039400
167.2	0.00039700
167.3	0.00040200
167.4	0.00040700
167.5	0.00041100
167.6	0.00041600
167.7	0.00042000
167.8	0.00042600
167.9	0.00043400
168	0.00044200
168.1	0.00045300
168.2	0.00046000
168.3	0.00047100
168.4	0.00048800
168.5	0.00049800
168.6	0.00049500
168.7	0.00046000
168.8	0.00043200
168.9	0.00044200
169	0.00045600
169.1	0.00045400
169.2	0.00047400
169.3	0.00049600
169.4	0.00051700
169.5	0.00053000
169.6	0.00053300
169.7	0.00054100
169.8	0.00055400
169.9	0.00055900
170	0.00056100
170.1	0.00055200
170.2	0.00053600
170.3	0.00052200
170.4	0.00051000
170.5	0.00050000
170.6	0.00049000
170.7	0.00047600
170.8	0.00045900
170.9	0.00044500
171	0.00043400
171.1	0.00043100
171.2	0.00044500
171.3	0.00046300
171.4	0.00047700
171.5	0.00050000
171.6	0.00044600
171.7	0.00042400
171.8	0.00041900
171.9	0.00040500
172	0.00039700
172.1	0.00039700
172.2	0.00039700
172.3	0.00039400
172.4	0.00039300
172.5	0.00039200
172.6	0.00039400
172.7	0.00040400
172.8	0.00040400
172.9	0.00040200
173	0.00040300
173.1	0.00040300
173.2	0.00040300
173.3	0.00040500
173.4	0.00041200
173.5	0.00041600
173.6	0.00043200
173.7	0.00041800
173.8	0.00040400
173.9	0.00040400
174	0.00040500
174.1	0.00040700
174.2	0.00040900
174.3	0.00041500
174.4	0.00041900
174.5	0.00041600
174.6	0.00041700
174.7	0.00042000
174.8	0.00042200
174.9	0.00042700
175	0.00043700
175.1	0.00045500
175.2	0.00043700
175.3	0.00043700
175.4	0.00044600
175.5	0.00045900
175.6	0.00047800
175.7	0.00048300
175.8	0.00047800
175.9	0.00048400
176	0.00050100
176.1	0.00050600
176.2	0.00051000
176.3	0.00050500
176.4	0.00048700
176.5	0.00047900
176.6	0.00048200
176.7	0.00049200
176.8	0.00050600
176.9	0.00050900
177	0.00055600
177.1	0.00062400
177.2	0.00060000
177.3	0.00065900
177.4	0.00074700
177.5	0.00080300
177.6	0.00066900
177.7	0.00054500
177.8	0.00049800
177.9	0.00048300
178	0.00048000
178.1	0.00048900
178.2	0.00047000
178.3	0.00046300
178.4	0.00045800
178.5	0.00046400
178.6	0.00046100
178.7	0.00045700
178.8	0.00045900
178.9	0.00046500
179	0.00047600
179.1	0.00048000
179.2	0.00048400
179.3	0.00049100
179.4	0.00050200
179.5	0.00052300
179.6	0.00051700
179.7	0.00052000
179.8	0.00054800
179.9	0.00057000
180	0.00063700
180.1	0.00065900
180.2	0.00061700
180.3	0.00063800
180.4	0.00073500
180.5	0.00068700
180.6	0.00059800
180.7	0.00052300
180.8	0.00049900
180.9	0.00049800
181	0.00049000
181.1	0.00049400
181.2	0.00051200
181.3	0.00050600
181.4	0.00050000
181.5	0.00050200
181.6	0.00050000
181.7	0.00050000
181.8	0.00050500
181.9	0.00050900
182	0.00051500
182.1	0.00053000
182.2	0.00054400
182.3	0.00055000
182.4	0.00055500
182.5	0.00056000
182.6	0.00056500
182.7	0.00057200
182.8	0.00058500
182.9	0.00061000
183	0.00063500
183.1	0.00062900
183.2	0.00062900
183.3	0.00060400
183.4	0.00059000
183.5	0.00057200
183.6	0.00056400
183.7	0.00054800
183.8	0.00053200
183.9	0.00052200
184	0.00051700
184.1	0.00051600
184.2	0.00052100
184.3	0.00052000
184.4	0.00051800
184.5	0.00052400
184.6	0.00053300
184.7	0.00054300
184.8	0.00054900
184.9	0.00057000
185	0.00059700
185.1	0.00064500
185.2	0.00070100
185.3	0.00076300
185.4	0.00062800
185.5	0.00055400
185.6	0.00055400
185.7	0.00054900
185.8	0.00055100
185.9	0.00056200
186	0.00056700
186.1	0.00056500
186.2	0.00055800
186.3	0.00055400
186.4	0.00055400
186.5	0.00055600
186.6	0.00056500
186.7	0.00057300
186.8	0.00058100
186.9	0.00058800
187	0.00060300
187.1	0.00061900
187.2	0.00064400
187.3	0.00066400
187.4	0.00070000
187.5	0.00078400
187.6	0.00087900
187.7	0.00103900
187.8	0.00102900
187.9	0.00133800
188	0.00118200
188.1	0.00094400
188.2	0.00088700
188.3	0.00107600
188.4	0.00135400
188.5	0.00115400
188.6	0.00100200
188.7	0.00104500
188.8	0.00108700
188.9	0.00124200
189	0.00166200
189.1	0.00173000
189.2	0.00227000
189.3	0.00328600
189.4	0.00321000
189.5	0.00207900
189.6	0.00131800
189.7	0.00089200
189.8	0.00078000
189.9	0.00067600
190	0.00068500
190.1	0.00061200
190.2	0.00058900
190.3	0.00058600
190.4	0.00059400
190.5	0.00061300
190.6	0.00060100
190.7	0.00058600
190.8	0.00056400
190.9	0.00057700
191	0.00060300
191.1	0.00059700
191.2	0.00057400
191.3	0.00061300
191.4	0.00066200
191.5	0.00071300
191.6	0.00064900
191.7	0.00061000
191.8	0.00062900
191.9	0.00065500
192	0.00062100
192.1	0.00061100
192.2	0.00059900
192.3	0.00059200
192.4	0.00059300
192.5	0.00059200
192.6	0.00058800
192.7	0.00058500
192.8	0.00058800
192.9	0.00059900
193	0.00059600
193.1	0.00059500
193.2	0.00059500
193.3	0.00059900
193.4	0.00059800
193.5	0.00059400
193.6	0.00060500
193.7	0.00062700
193.8	0.00063100
193.9	0.00062400
194	0.00062800
194.1	0.00064600
194.2	0.00063200
194.3	0.00063500
194.4	0.00065000
194.5	0.00066100
194.6	0.00068500
194.7	0.00067900
194.8	0.00066500
194.9	0.00066400
195	0.00066900
195.1	0.00068500
195.2	0.00068400
195.3	0.00068800
195.4	0.00067200
195.5	0.00065500
195.6	0.00066100
195.7	0.00066100
195.8	0.00066300
195.9	0.00066900
196	0.00067800
196.1	0.00069000
196.2	0.00070200
196.3	0.00071400
196.4	0.00072100
196.5	0.00072600
196.6	0.00074600
196.7	0.00076900
196.8	0.00079500
196.9	0.00081900
197	0.00079300
197.1	0.00078000
197.2	0.00071800
197.3	0.00068400
197.4	0.00069900
197.5	0.00070900
197.6	0.00072100
197.7	0.00075500
197.8	0.00079500
197.9	0.00078100
198	0.00076200
198.1	0.00076400
198.2	0.00075800
198.3	0.00075400
198.4	0.00075300
198.5	0.00076700
198.6	0.00077200
198.7	0.00078500
198.8	0.00079100
198.9	0.00075800
199	0.00073500
199.1	0.00071700
199.2	0.00069600
199.3	0.00068800
199.4	0.00069300
199.5	0.00069400
199.6	0.00070100
199.7	0.00071500
199.8	0.00074400
199.9	0.00074900
200	0.00074600
200.1	0.00074800
200.2	0.00076300
200.3	0.00076500
200.4	0.00076800
200.5	0.00078000
200.6	0.00080100
200.7	0.00082000
200.8	0.00081900
200.9	0.00082400
201	0.00083600
201.1	0.00085500
201.2	0.00088700
201.3	0.00093000
201.4	0.00103400
201.5	0.00113400
201.6	0.00118500
201.7	0.00131200
201.8	0.00171400
201.9	0.00227400
202	0.00190200
202.1	0.00150400
202.2	0.00133000
202.3	0.00132100
202.4	0.00134600
202.5	0.00137800
202.6	0.00141300
202.7	0.00133600
202.8	0.00111900
202.9	0.00093000
203	0.00090200
203.1	0.00083600
203.2	0.00080100
203.3	0.00078400
203.4	0.00077800
203.5	0.00078400
203.6	0.00079100
203.7	0.00080800
203.8	0.00084100
203.9	0.00086200
204	0.00086400
204.1	0.00089000
204.2	0.00093400
204.3	0.00094100
204.4	0.00099600
204.5	0.00104300
204.6	0.00103000
204.7	0.00102500
204.8	0.00099100
204.9	0.00099400
205	0.00102500
205.1	0.00103700
205.2	0.00107900
205.3	0.00106900
205.4	0.00103500
205.5	0.00099200
205.6	0.00095500
205.7	0.00095100
205.8	0.00095600
205.9	0.00096300
206	0.00096100
206.1	0.00095300
206.2	0.00093900
206.3	0.00095500
206.4	0.00096200
206.5	0.00097800
206.6	0.00099800
206.7	0.00100700
206.8	0.00101800
206.9	0.00102800
207	0.00104100
207.1	0.00105700
207.2	0.00107400
207.3	0.00108800
207.4	0.00111100
207.5	0.00114400
207.6	0.00118400
207.7	0.00120300
207.8	0.00121400
207.9	0.00123000
208	0.00119200
208.1	0.00121300
208.2	0.00126400
208.3	0.00132000
208.4	0.00137700
208.5	0.00143400
208.6	0.00152100
208.7	0.00157000
208.8	0.00161500
208.9	0.00148800
209	0.00144000
209.1	0.00157100
209.2	0.00175500
209.3	0.00178300
209.4	0.00179700
209.5	0.00162100
209.6	0.00142700
209.7	0.00142000
209.8	0.00136300
209.9	0.00127500
210	0.00128500
210.1	0.00129300
210.2	0.00138400
210.3	0.00144100
210.4	0.00157100
210.5	0.00161700
210.6	0.00174800
210.7	0.00190200
210.8	0.00179300
210.9	0.00193100
211	0.00172900
211.1	0.00186100
211.2	0.00207700
211.3	0.00245500
211.4	0.00274600
211.5	0.00216000
211.6	0.00208600
211.7	0.00227900
211.8	0.00274400
211.9	0.00304200
212	0.00303600
212.1	0.00336300
212.2	0.00357400
212.3	0.00295000
212.4	0.00257800
212.5	0.00255700
212.6	0.00228100
212.7	0.00208100
212.8	0.00204800
212.9	0.00173000
213	0.00166600
213.1	0.00141100
213.2	0.00122500
213.3	0.00118900
213.4	0.00140700
213.5	0.00140400
213.6	0.00139100
213.7	0.00135600
213.8	0.00134900
213.9	0.00130700
214	0.00132100
214.1	0.00123700
214.2	0.00122400
214.3	0.00124500
214.4	0.00133200
214.5	0.00134300
214.6	0.00137100
214.7	0.00144900
214.8	0.00151600
214.9	0.00160500
215	0.00174100
215.1	0.00195300
215.2	0.00226400
215.3	0.00270200
215.4	0.00341600
215.5	0.00422500
215.6	0.00617300
215.7	0.00640000
215.8	0.00377500
215.9	0.00163500
216	0.00128000
216.1	0.00093700
216.2	0.00089600
216.3	0.00086200
216.4	0.00085800
216.5	0.00085500
216.6	0.00089500
216.7	0.00092900
216.8	0.00097500
216.9	0.00100700
217	0.00104800
217.1	0.00108500
217.2	0.00112100
217.3	0.00113600
217.4	0.00114900
217.5	0.00116700
217.6	0.00118700
217.7	0.00120200
217.8	0.00122200
217.9	0.00122500
218	0.00119300
218.1	0.00117500
218.2	0.00114600
218.3	0.00112900
218.4	0.00111700
218.5	0.00110600
218.6	0.00110500
218.7	0.00113400
218.8	0.00116900
218.9	0.00118500
219	0.00122900
219.1	0.00124500
219.2	0.00127600
219.3	0.00131800
219.4	0.00137500
219.5	0.00142700
219.6	0.00150000
219.7	0.00153200
219.8	0.00160200
219.9	0.00172600
220	0.00181300
220.1	0.00181800
220.2	0.00185700
220.3	0.00196800
220.4	0.00209700
220.5	0.00224300
220.6	0.00250200
220.7	0.00283800
220.8	0.00328600
220.9	0.00401500
221	0.00472000
221.1	0.00491400
221.2	0.00492400
221.3	0.00449000
221.4	0.00401200
221.5	0.00333300
221.6	0.00398000
221.7	0.00336200
221.8	0.00219300
221.9	0.00172000
222	0.00138200
222.1	0.00110900
222.2	0.00110500
222.3	0.00113600
222.4	0.00115500
222.5	0.00115300
222.6	0.00119100
222.7	0.00122200
222.8	0.00131100
222.9	0.00135000
223	0.00133100
223.1	0.00131600
223.2	0.00134900
223.3	0.00135200
223.4	0.00135200
223.5	0.00136500
223.6	0.00140700
223.7	0.00144400
223.8	0.00154600
223.9	0.00164800
224	0.00181100
224.1	0.00199100
224.2	0.00209500
224.3	0.00216400
224.4	0.00211500
224.5	0.00217600
224.6	0.00235000
224.7	0.00254800
224.8	0.00282700
224.9	0.00305300
225	0.00278000
225.1	0.00268400
225.2	0.00270800
225.3	0.00283600
225.4	0.00296000
225.5	0.00326500
225.6	0.00355100
225.7	0.00380400
225.8	0.00443200
225.9	0.00517000
226	0.00547500
226.1	0.00453600
226.2	0.00277600
226.3	0.00217600
226.4	0.00142400
226.5	0.00115200
226.6	0.00114100
226.7	0.00117800
226.8	0.00099200
226.9	0.00096200
227	0.00101900
227.1	0.00092400
227.2	0.00091500
227.3	0.00093400
227.4	0.00103200
227.5	0.00103600
227.6	0.00101700
227.7	0.00103800
227.8	0.00107100
227.9	0.00115900
228	0.00119500
228.1	0.00131300
228.2	0.00141000
228.3	0.00143400
228.4	0.00156400
228.5	0.00176200
228.6	0.00191200
228.7	0.00164200
228.8	0.00158200
228.9	0.00160500
229	0.00163400
229.1	0.00169200
229.2	0.00158300
229.3	0.00161200
229.4	0.00150800
229.5	0.00159300
229.6	0.00177400
229.7	0.00186100
229.8	0.00189900
229.9	0.00207100
230	0.00239300
230.1	0.00261000
230.2	0.00232200
230.3	0.00215900
230.4	0.00235700
230.5	0.00182100
230.6	0.00175800
230.7	0.00161600
230.8	0.00154700
230.9	0.00153300
231	0.00139900
231.1	0.00130600
231.2	0.00123200
231.3	0.00119900
231.4	0.00119400
231.5	0.00118700
231.6	0.00119800
231.7	0.00124200
231.8	0.00132100
231.9	0.00137300
232	0.00135300
232.1	0.00136800
232.2	0.00135400
232.3	0.00128500
232.4	0.00122600
232.5	0.00118800
232.6	0.00122400
232.7	0.00124600
232.8	0.00126500
232.9	0.00129600
233	0.00132600
233.1	0.00135500
233.2	0.00138700
233.3	0.00141100
233.4	0.00142700
233.5	0.00146100
233.6	0.00149900
233.7	0.00153800
233.8	0.00156500
233.9	0.00159100
234	0.00161700
234.1	0.00165100
234.2	0.00171500
234.3	0.00177500
234.4	0.00182800
234.5	0.00183100
234.6	0.00189400
234.7	0.00200600
234.8	0.00200900
234.9	0.00192900
235	0.00183500
235.1	0.00181400
235.2	0.00174900
235.3	0.00183000
235.4	0.00187400
235.5	0.00193000
235.6	0.00201900
235.7	0.00211500
235.8	0.00221800
235.9	0.00210100
236	0.00201900
236.1	0.00196900
236.2	0.00186900
236.3	0.00182500
236.4	0.00186200
236.5	0.00190200
236.6	0.00187800
236.7	0.00190700
236.8	0.00197500
236.9	0.00208600
237	0.00203800
237.1	0.00194700
237.2	0.00190100
237.3	0.00192500
237.4	0.00194300
237.5	0.00194900
237.6	0.00201700
237.7	0.00205900
237.8	0.00209400
237.9	0.00189300
238	0.00198900
238.1	0.00184700
238.2	0.00181000
238.3	0.00183900
238.4	0.00185400
238.5	0.00187900
238.6	0.00190300
238.7	0.00194100
238.8	0.00197700
238.9	0.00201200
239	0.00203600
239.1	0.00200000
239.2	0.00193700
239.3	0.00194700
239.4	0.00195000
239.5	0.00197600
239.6	0.00199900
239.7	0.00204100
239.8	0.00203100
239.9	0.00204100
240	0.00207400
240.1	0.00213100
240.2	0.00217200
240.3	0.00225000
240.4	0.00222100
240.5	0.00219600
240.6	0.00217000
240.7	0.00219800
240.8	0.00219500
240.9	0.00221000
241	0.00225200
241.1	0.00231400
241.2	0.00237100
241.3	0.00240900
241.4	0.00245800
241.5	0.00251100
241.6	0.00251800
241.7	0.00248200
241.8	0.00246100
241.9	0.00244300
242	0.00245100
242.1	0.00247200
242.2	0.00250400
242.3	0.00254100
242.4	0.00258000
242.5	0.00263000
242.6	0.00266800
242.7	0.00271900
242.8	0.00276000
242.9	0.00278700
243	0.00284200
243.1	0.00290700
243.2	0.00297700
243.3	0.00304200
243.4	0.00313700
243.5	0.00323500
243.6	0.00333000
243.7	0.00349900
243.8	0.00363400
243.9	0.00375200
244	0.00410000
244.1	0.00445500
244.2	0.00460100
244.3	0.00352300
244.4	0.00276600
244.5	0.00279400
244.6	0.00289400
244.7	0.00300200
244.8	0.00313800
244.9	0.00315900
245	0.00310100
245.1	0.00312200
245.2	0.00314600
245.3	0.00314600
245.4	0.00318400
245.5	0.00326400
245.6	0.00337900
245.7	0.00351300
245.8	0.00363300
245.9	0.00378500
246	0.00394000
246.1	0.00399100
246.2	0.00399100
246.3	0.00409200
246.4	0.00424400
246.5	0.00419100
246.6	0.00436600
246.7	0.00443800
246.8	0.00445900
246.9	0.00451800
247	0.00432000
247.1	0.00453600
247.2	0.00495200
247.3	0.00514200
247.4	0.00499900
247.5	0.00476900
247.6	0.00479900
247.7	0.00507200
247.8	0.00517200
247.9	0.00509100
248	0.00481900
248.1	0.00490000
248.2	0.00467900
248.3	0.00454900
248.4	0.00458300
248.5	0.00481400
248.6	0.00513100
248.7	0.00528100
248.8	0.00525900
248.9	0.00532900
249	0.00562100
249.1	0.00583600
249.2	0.00633000
249.3	0.00640200
249.4	0.00649000
249.5	0.00660900
249.6	0.00668500
249.7	0.00722700
249.8	0.00734100
249.9	0.00675700
250	0.00695200
