1	0.00000335
1.1	0.00000350
1.2	0.00000365
1.3	0.00000379
1.4	0.00000392
1.5	0.00000406
1.6	0.00000420
1.7	0.00000434
1.8	0.00000448
1.9	0.00000461
2	0.00000474
2.1	0.00000488
2.2	0.00000501
2.3	0.00000514
2.4	0.00000527
2.5	0.00000540
2.6	0.00000553
2.7	0.00000566
2.8	0.00000580
2.9	0.00000593
3	0.00000604
3.1	0.00000617
3.2	0.00000630
3.3	0.00000643
3.4	0.00000657
3.5	0.00000669
3.6	0.00000682
3.7	0.00000693
3.8	0.00000710
3.9	0.00000730
4	0.00000730
4.1	0.00000750
4.2	0.00000760
4.3	0.00000770
4.4	0.00000790
4.5	0.00000800
4.6	0.00000810
4.7	0.00000820
4.8	0.00000840
4.9	0.00000850
5	0.00000860
5.1	0.00000870
5.2	0.00000890
5.3	0.00000900
5.4	0.00000910
5.5	0.00000920
5.6	0.00000940
5.7	0.00000950
5.8	0.00000960
5.9	0.00000970
6	0.00000990
6.1	0.00001000
6.2	0.00001010
6.3	0.00001020
6.4	0.00001030
6.5	0.00001050
6.6	0.00001060
6.7	0.00001070
6.8	0.00001090
6.9	0.00001090
7	0.00001110
7.1	0.00001120
7.2	0.00001130
7.3	0.00001150
7.4	0.00001160
7.5	0.00001170
7.6	0.00001180
7.7	0.00001190
7.8	0.00001210
7.9	0.00001220
8	0.00001230
8.1	0.00001240
8.2	0.00001250
8.3	0.00001270
8.4	0.00001270
8.5	0.00001290
8.6	0.00001310
8.7	0.00001310
8.8	0.00001330
8.9	0.00001340
9	0.00001350
9.1	0.00001360
9.2	0.00001380
9.3	0.00001390
9.4	0.00001400
9.5	0.00001410
9.6	0.00001420
9.7	0.00001440
9.8	0.00001450
9.9	0.00001460
10	0.00001470
10.1	0.00001490
10.2	0.00001500
10.3	0.00001510
10.4	0.00001520
10.5	0.00001530
10.6	0.00001540
10.7	0.00001550
10.8	0.00001570
10.9	0.00001580
11	0.00001590
11.1	0.00001610
11.2	0.00001620
11.3	0.00001630
11.4	0.00001640
11.5	0.00001660
11.6	0.00001670
11.7	0.00001680
11.8	0.00001690
11.9	0.00001700
12	0.00001710
12.1	0.00001730
12.2	0.00001740
12.3	0.00001750
12.4	0.00001760
12.5	0.00001780
12.6	0.00001790
12.7	0.00001800
12.8	0.00001810
12.9	0.00001820
13	0.00001830
13.1	0.00001850
13.2	0.00001860
13.3	0.00001870
13.4	0.00001880
13.5	0.00001890
13.6	0.00001920
13.7	0.00001920
13.8	0.00001930
13.9	0.00001940
14	0.00001950
14.1	0.00001970
14.2	0.00001970
14.3	0.00001990
14.4	0.00002000
14.5	0.00002010
14.6	0.00002020
14.7	0.00002040
14.8	0.00002050
14.9	0.00002060
15	0.00002070
15.1	0.00002080
15.2	0.00002100
15.3	0.00002110
15.4	0.00002120
15.5	0.00002150
15.6	0.00002170
15.7	0.00002180
15.8	0.00002180
15.9	0.00002190
16	0.00002210
16.1	0.00002220
16.2	0.00002230
16.3	0.00002240
16.4	0.00002250
16.5	0.00002260
16.6	0.00002270
16.7	0.00002280
16.8	0.00002300
16.9	0.00002310
17	0.00002330
17.1	0.00002340
17.2	0.00002350
17.3	0.00002360
17.4	0.00002370
17.5	0.00002390
17.6	0.00002410
17.7	0.00002430
17.8	0.00002440
17.9	0.00002440
18	0.00002450
18.1	0.00002460
18.2	0.00002460
18.3	0.00002470
18.4	0.00002480
18.5	0.00002490
18.6	0.00002500
18.7	0.00002520
18.8	0.00002540
18.9	0.00002580
19	0.00002650
19.1	0.00002670
19.2	0.00002680
19.3	0.00002720
19.4	0.00002740
19.5	0.00002730
19.6	0.00002730
19.7	0.00002790
19.8	0.00002800
19.9	0.00002780
20	0.00002780
20.1	0.00002800
20.2	0.00002850
20.3	0.00003030
20.4	0.00003350
20.5	0.00003100
20.6	0.00002990
20.7	0.00002990
20.8	0.00003040
20.9	0.00003090
21	0.00003150
21.1	0.00003260
21.2	0.00003380
21.3	0.00003370
21.4	0.00003260
21.5	0.00003170
21.6	0.00003260
21.7	0.00003170
21.8	0.00003170
21.9	0.00003360
22	0.00003720
22.1	0.00003420
22.2	0.00003210
22.3	0.00003270
22.4	0.00003360
22.5	0.00003290
22.6	0.00003210
22.7	0.00003180
22.8	0.00003160
22.9	0.00003170
23	0.00003170
23.1	0.00003190
23.2	0.00003210
23.3	0.00003240
23.4	0.00003280
23.5	0.00003330
23.6	0.00003390
23.7	0.00003400
23.8	0.00003390
23.9	0.00003360
24	0.00003300
24.1	0.00003270
24.2	0.00003340
24.3	0.00003310
24.4	0.00003290
24.5	0.00003270
24.6	0.00003300
24.7	0.00003320
24.8	0.00003320
24.9	0.00003320
25	0.00003330
25.1	0.00003360
25.2	0.00003400
25.3	0.00003420
25.4	0.00003420
25.5	0.00003420
25.6	0.00003440
25.7	0.00003450
25.8	0.00003450
25.9	0.00003490
26	0.00003460
26.1	0.00003460
26.2	0.00003460
26.3	0.00003470
26.4	0.00003480
26.5	0.00003500
26.6	0.00003510
26.7	0.00003550
26.8	0.00003570
26.9	0.00003580
27	0.00003580
27.1	0.00003580
27.2	0.00003580
27.3	0.00003590
27.4	0.00003620
27.5	0.00003650
27.6	0.00003670
27.7	0.00003670
27.8	0.00003670
27.9	0.00003670
28	0.00003680
28.1	0.00003690
28.2	0.00003690
28.3	0.00003690
28.4	0.00003710
28.5	0.00003710
28.6	0.00003720
28.7	0.00003730
28.8	0.00003740
28.9	0.00003770
29	0.00003780
29.1	0.00003800
29.2	0.00003820
29.3	0.00003830
29.4	0.00003830
29.5	0.00003840
29.6	0.00003840
29.7	0.00003860
29.8	0.00003870
29.9	0.00003890
30	0.00003900
30.1	0.00003910
30.2	0.00003920
30.3	0.00003940
30.4	0.00003940
30.5	0.00003940
30.6	0.00003950
30.7	0.00003960
30.8	0.00003970
30.9	0.00004000
31	0.00004030
31.1	0.00004030
31.2	0.00004040
31.3	0.00004060
31.4	0.00004060
31.5	0.00004080
31.6	0.00004090
31.7	0.00004090
31.8	0.00004100
31.9	0.00004110
32	0.00004120
32.1	0.00004130
32.2	0.00004150
32.3	0.00004160
32.4	0.00004180
32.5	0.00004210
32.6	0.00004210
32.7	0.00004220
32.8	0.00004210
32.9	0.00004250
33	0.00004240
33.1	0.00004270
33.2	0.00004300
33.3	0.00004290
33.4	0.00004300
33.5	0.00004320
33.6	0.00004340
33.7	0.00004350
33.8	0.00004370
33.9	0.00004380
34	0.00004380
34.1	0.00004400
34.2	0.00004410
34.3	0.00004420
34.4	0.00004430
34.5	0.00004450
34.6	0.00004470
34.7	0.00004480
34.8	0.00004490
34.9	0.00004510
35	0.00004530
35.1	0.00004550
35.2	0.00004570
35.3	0.00004570
35.4	0.00004560
35.5	0.00004560
35.6	0.00004580
35.7	0.00004580
35.8	0.00004590
35.9	0.00004610
36	0.00004620
36.1	0.00004630
36.2	0.00004630
36.3	0.00004650
36.4	0.00004660
36.5	0.00004670
36.6	0.00004690
36.7	0.00004700
36.8	0.00004720
36.9	0.00004720
37	0.00004740
37.1	0.00004750
37.2	0.00004770
37.3	0.00004790
37.4	0.00004820
37.5	0.00004840
37.6	0.00004850
37.7	0.00004890
37.8	0.00004900
37.9	0.00004890
38	0.00004920
38.1	0.00004920
38.2	0.00004940
38.3	0.00004990
38.4	0.00004990
38.5	0.00005000
38.6	0.00005010
38.7	0.00005040
38.8	0.00005040
38.9	0.00005030
39	0.00005040
39.1	0.00005050
39.2	0.00005060
39.3	0.00005100
39.4	0.00005110
39.5	0.00005140
39.6	0.00005200
39.7	0.00005200
39.8	0.00005200
39.9	0.00005200
40	0.00005200
40.1	0.00005300
40.2	0.00005300
40.3	0.00005300
40.4	0.00005300
40.5	0.00005400
40.6	0.00005400
40.7	0.00005400
40.8	0.00005400
40.9	0.00005300
41	0.00005300
41.1	0.00005300
41.2	0.00005300
41.3	0.00005400
41.4	0.00005500
41.5	0.00005500
41.6	0.00005400
41.7	0.00005400
41.8	0.00005500
41.9	0.00005600
42	0.00005700
42.1	0.00005800
42.2	0.00005800
42.3	0.00006000
42.4	0.00006100
42.5	0.00006400
42.6	0.00006300
42.7	0.00006000
42.8	0.00006300
42.9	0.00006100
43	0.00006200
43.1	0.00006200
43.2	0.00006200
43.3	0.00006300
43.4	0.00006400
43.5	0.00006300
43.6	0.00006300
43.7	0.00006200
43.8	0.00006200
43.9	0.00006200
44	0.00006400
44.1	0.00006500
44.2	0.00006600
44.3	0.00006700
44.4	0.00006800
44.5	0.00006900
44.6	0.00007000
44.7	0.00007000
44.8	0.00006700
44.9	0.00006400
45	0.00006300
45.1	0.00006100
45.2	0.00006000
45.3	0.00006000
45.4	0.00005900
45.5	0.00005900
45.6	0.00006000
45.7	0.00006000
45.8	0.00006000
45.9	0.00006100
46	0.00006100
46.1	0.00006100
46.2	0.00006200
46.3	0.00006200
46.4	0.00006100
46.5	0.00006100
46.6	0.00006100
46.7	0.00006100
46.8	0.00006200
46.9	0.00006200
47	0.00006300
47.1	0.00006300
47.2	0.00006200
47.3	0.00006200
47.4	0.00006200
47.5	0.00006300
47.6	0.00006300
47.7	0.00006300
47.8	0.00006300
47.9	0.00006300
48	0.00006300
48.1	0.00006300
48.2	0.00006300
48.3	0.00006300
48.4	0.00006300
48.5	0.00006300
48.6	0.00006300
48.7	0.00006400
48.8	0.00006400
48.9	0.00006400
49	0.00006400
49.1	0.00006400
49.2	0.00006400
49.3	0.00006300
49.4	0.00006400
49.5	0.00006400
49.6	0.00006400
49.7	0.00006400
49.8	0.00006400
49.9	0.00006400
50	0.00006400
50.1	0.00006500
50.2	0.00006500
50.3	0.00006500
50.4	0.00006500
50.5	0.00006500
50.6	0.00006500
50.7	0.00006500
50.8	0.00006600
50.9	0.00006600
51	0.00006600
51.1	0.00006600
51.2	0.00006600
51.3	0.00006600
51.4	0.00006600
51.5	0.00006700
51.6	0.00006700
51.7	0.00006700
51.8	0.00006700
51.9	0.00006700
52	0.00006700
52.1	0.00006800
52.2	0.00006800
52.3	0.00006800
52.4	0.00006800
52.5	0.00006800
52.6	0.00006800
52.7	0.00006800
52.8	0.00006800
52.9	0.00006800
53	0.00006800
53.1	0.00006800
53.2	0.00006800
53.3	0.00006800
53.4	0.00006900
53.5	0.00006900
53.6	0.00006900
53.7	0.00006900
53.8	0.00006900
53.9	0.00006900
54	0.00007000
54.1	0.00007000
54.2	0.00007000
54.3	0.00007000
54.4	0.00007000
54.5	0.00007000
54.6	0.00007000
54.7	0.00007100
54.8	0.00007100
54.9	0.00007100
55	0.00007100
55.1	0.00007100
55.2	0.00007100
55.3	0.00007100
55.4	0.00007100
55.5	0.00007200
55.6	0.00007200
55.7	0.00007200
55.8	0.00007200
55.9	0.00007200
56	0.00007300
56.1	0.00007300
56.2	0.00007300
56.3	0.00007300
56.4	0.00007300
56.5	0.00007300
56.6	0.00007300
56.7	0.00007400
56.8	0.00007400
56.9	0.00007400
57	0.00007400
57.1	0.00007400
57.2	0.00007400
57.3	0.00007400
57.4	0.00007500
57.5	0.00007500
57.6	0.00007500
57.7	0.00007500
57.8	0.00007500
57.9	0.00007600
58	0.00007800
58.1	0.00007800
58.2	0.00007900
58.3	0.00008100
58.4	0.00008300
58.5	0.00008600
58.6	0.00009100
58.7	0.00009900
58.8	0.00011200
58.9	0.00012200
59	0.00012400
59.1	0.00012000
59.2	0.00010400
59.3	0.00009400
59.4	0.00009000
59.5	0.00008700
59.6	0.00008500
59.7	0.00008400
59.8	0.00008300
59.9	0.00008200
60	0.00008200
60.1	0.00008200
60.2	0.00008100
60.3	0.00008100
60.4	0.00008100
60.5	0.00008100
60.6	0.00008100
60.7	0.00008100
60.8	0.00008000
60.9	0.00008000
61	0.00008100
61.1	0.00008000
61.2	0.00008100
61.3	0.00008100
61.4	0.00008100
61.5	0.00008100
61.6	0.00008100
61.7	0.00008100
61.8	0.00008100
61.9	0.00008200
62	0.00008200
62.1	0.00008200
62.2	0.00008200
62.3	0.00008200
62.4	0.00008200
62.5	0.00008200
62.6	0.00008200
62.7	0.00008200
62.8	0.00008300
62.9	0.00008200
63	0.00008300
63.1	0.00008300
63.2	0.00008300
63.3	0.00008300
63.4	0.00008300
63.5	0.00008300
63.6	0.00008300
63.7	0.00008300
63.8	0.00008400
63.9	0.00008400
64	0.00008300
64.1	0.00008400
64.2	0.00008400
64.3	0.00008400
64.4	0.00008400
64.5	0.00008400
64.6	0.00008400
64.7	0.00008500
64.8	0.00008500
64.9	0.00008500
65	0.00008500
65.1	0.00008500
65.2	0.00008500
65.3	0.00008500
65.4	0.00008500
65.5	0.00008600
65.6	0.00008600
65.7	0.00008600
65.8	0.00008600
65.9	0.00008600
66	0.00008600
66.1	0.00008600
66.2	0.00008600
66.3	0.00008700
66.4	0.00008700
66.5	0.00008700
66.6	0.00008700
66.7	0.00008700
66.8	0.00008700
66.9	0.00008700
67	0.00008700
67.1	0.00008800
67.2	0.00008800
67.3	0.00008800
67.4	0.00008900
67.5	0.00008900
67.6	0.00008900
67.7	0.00008900
67.8	0.00009000
67.9	0.00009000
68	0.00009000
68.1	0.00009000
68.2	0.00009100
68.3	0.00009100
68.4	0.00009200
68.5	0.00009100
68.6	0.00009100
68.7	0.00009200
68.8	0.00009300
68.9	0.00009300
69	0.00009300
69.1	0.00009300
69.2	0.00009300
69.3	0.00009400
69.4	0.00009500
69.5	0.00009700
69.6	0.00009800
69.7	0.00010000
69.8	0.00010100
69.9	0.00010200
70	0.00010400
70.1	0.00010600
70.2	0.00010800
70.3	0.00011000
70.4	0.00011000
70.5	0.00010900
70.6	0.00010800
70.7	0.00011000
70.8	0.00011100
70.9	0.00010900
71	0.00010500
71.1	0.00010400
71.2	0.00010100
71.3	0.00010000
71.4	0.00010000
71.5	0.00010100
71.6	0.00010100
71.7	0.00010200
71.8	0.00010200
71.9	0.00010200
72	0.00010200
72.1	0.00010400
72.2	0.00010500
72.3	0.00010600
72.4	0.00010700
72.5	0.00010700
72.6	0.00010600
72.7	0.00010500
72.8	0.00010500
72.9	0.00010700
73	0.00010900
73.1	0.00011200
73.2	0.00011100
73.3	0.00010800
73.4	0.00010500
73.5	0.00010500
73.6	0.00010700
73.7	0.00010900
73.8	0.00011100
73.9	0.00010900
74	0.00010800
74.1	0.00010700
74.2	0.00010600
74.3	0.00010800
74.4	0.00011800
74.5	0.00011600
74.6	0.00011400
74.7	0.00011300
74.8	0.00011400
74.9	0.00011500
75	0.00011700
75.1	0.00011700
75.2	0.00011800
75.3	0.00012000
75.4	0.00012400
75.5	0.00012800
75.6	0.00013400
75.7	0.00013900
75.8	0.00014900
75.9	0.00016500
76	0.00017800
76.1	0.00016800
76.2	0.00015900
76.3	0.00014700
76.4	0.00016400
76.5	0.00015300
76.6	0.00014600
76.7	0.00014400
76.8	0.00013600
76.9	0.00013000
77	0.00012800
77.1	0.00012600
77.2	0.00012600
77.3	0.00012400
77.4	0.00012200
77.5	0.00011800
77.6	0.00011700
77.7	0.00011600
77.8	0.00011500
77.9	0.00011400
78	0.00011300
78.1	0.00011300
78.2	0.00011100
78.3	0.00011100
78.4	0.00011100
78.5	0.00011100
78.6	0.00011200
78.7	0.00011300
78.8	0.00011300
78.9	0.00011200
79	0.00011100
79.1	0.00011100
79.2	0.00011100
79.3	0.00011100
79.4	0.00011100
79.5	0.00011100
79.6	0.00011100
79.7	0.00011100
79.8	0.00011200
79.9	0.00011200
80	0.00011200
80.1	0.00011200
80.2	0.00011200
80.3	0.00011300
80.4	0.00011300
80.5	0.00011300
80.6	0.00011300
80.7	0.00011300
80.8	0.00011300
80.9	0.00011300
81	0.00011300
81.1	0.00011300
81.2	0.00011400
81.3	0.00011400
81.4	0.00011400
81.5	0.00011500
81.6	0.00011400
81.7	0.00011400
81.8	0.00011400
81.9	0.00011400
82	0.00011400
82.1	0.00011400
82.2	0.00011400
82.3	0.00011400
82.4	0.00011400
82.5	0.00011500
82.6	0.00011500
82.7	0.00011500
82.8	0.00011600
82.9	0.00011500
83	0.00011600
83.1	0.00011600
83.2	0.00011600
83.3	0.00011600
83.4	0.00011700
83.5	0.00011700
83.6	0.00011800
83.7	0.00011900
83.8	0.00012000
83.9	0.00012100
84	0.00012100
84.1	0.00012100
84.2	0.00012000
84.3	0.00012000
84.4	0.00012100
84.5	0.00012200
84.6	0.00012200
84.7	0.00012100
84.8	0.00012100
84.9	0.00012100
85	0.00012200
85.1	0.00012200
85.2	0.00012300
85.3	0.00012300
85.4	0.00012400
85.5	0.00012500
85.6	0.00012600
85.7	0.00012700
85.8	0.00012600
85.9	0.00012300
86	0.00012300
86.1	0.00012300
86.2	0.00012400
86.3	0.00012500
86.4	0.00012600
86.5	0.00012600
86.6	0.00012500
86.7	0.00012400
86.8	0.00012400
86.9	0.00012400
87	0.00012300
87.1	0.00012300
87.2	0.00012300
87.3	0.00012300
87.4	0.00012400
87.5	0.00012400
87.6	0.00012500
87.7	0.00012500
87.8	0.00012500
87.9	0.00012600
88	0.00012700
88.1	0.00012800
88.2	0.00012800
88.3	0.00013000
88.4	0.00013000
88.5	0.00012900
88.6	0.00012800
88.7	0.00012800
88.8	0.00012800
88.9	0.00012800
89	0.00012800
89.1	0.00012700
89.2	0.00012700
89.3	0.00012800
89.4	0.00012900
89.5	0.00013100
89.6	0.00013400
89.7	0.00013600
89.8	0.00013700
89.9	0.00013700
90	0.00013600
90.1	0.00013300
90.2	0.00013200
90.3	0.00013200
90.4	0.00013100
90.5	0.00013200
90.6	0.00013400
90.7	0.00013500
90.8	0.00013900
90.9	0.00014000
91	0.00013800
91.1	0.00014300
91.2	0.00014300
91.3	0.00014400
91.4	0.00014800
91.5	0.00015000
91.6	0.00015800
91.7	0.00016400
91.8	0.00017800
91.9	0.00018700
92	0.00020000
92.1	0.00021900
92.2	0.00023900
92.3	0.00025200
92.4	0.00023000
92.5	0.00020400
92.6	0.00019900
92.7	0.00020400
92.8	0.00024700
92.9	0.00029100
93	0.00027600
93.1	0.00027600
93.2	0.00026100
93.3	0.00022700
93.4	0.00020700
93.5	0.00020300
93.6	0.00021100
93.7	0.00022400
93.8	0.00022500
93.9	0.00021500
94	0.00020300
94.1	0.00019100
94.2	0.00018300
94.3	0.00017300
94.4	0.00017400
94.5	0.00017800
94.6	0.00017700
94.7	0.00017000
94.8	0.00016400
94.9	0.00015900
95	0.00015500
95.1	0.00015200
95.2	0.00015000
95.3	0.00014900
95.4	0.00014800
95.5	0.00014800
95.6	0.00014700
95.7	0.00014800
95.8	0.00014900
95.9	0.00015000
96	0.00014900
96.1	0.00014800
96.2	0.00014700
96.3	0.00014700
96.4	0.00014600
96.5	0.00014500
96.6	0.00014400
96.7	0.00014400
96.8	0.00014400
96.9	0.00014400
97	0.00014500
97.1	0.00014500
97.2	0.00014400
97.3	0.00014400
97.4	0.00014400
97.5	0.00014400
97.6	0.00014400
97.7	0.00014300
97.8	0.00014400
97.9	0.00014400
98	0.00014400
98.1	0.00014400
98.2	0.00014400
98.3	0.00014500
98.4	0.00014500
98.5	0.00014500
98.6	0.00014500
98.7	0.00014500
98.8	0.00014500
98.9	0.00014500
99	0.00014500
99.1	0.00014500
99.2	0.00014600
99.3	0.00014600
99.4	0.00014600
99.5	0.00014600
99.6	0.00014700
99.7	0.00014700
99.8	0.00014700
99.9	0.00014700
100	0.00014700
100.1	0.00014600
100.2	0.00014600
100.3	0.00014600
100.4	0.00014600
100.5	0.00014700
100.6	0.00014700
100.7	0.00014700
100.8	0.00014800
100.9	0.00014900
101	0.00014800
101.1	0.00014800
101.2	0.00014800
101.3	0.00014800
101.4	0.00014800
101.5	0.00014800
101.6	0.00014800
101.7	0.00014900
101.8	0.00014900
101.9	0.00015100
102	0.00015200
102.1	0.00015400
102.2	0.00015800
102.3	0.00016300
102.4	0.00016600
102.5	0.00016700
102.6	0.00016500
102.7	0.00016100
102.8	0.00015900
102.9	0.00015900
103	0.00015700
103.1	0.00015600
103.2	0.00015400
103.3	0.00015400
103.4	0.00015400
103.5	0.00015400
103.6	0.00015400
103.7	0.00015400
103.8	0.00015400
103.9	0.00015400
104	0.00015500
104.1	0.00015500
104.2	0.00015500
104.3	0.00015500
104.4	0.00015600
104.5	0.00015600
104.6	0.00015500
104.7	0.00015600
104.8	0.00015600
104.9	0.00015600
105	0.00015600
105.1	0.00015700
105.2	0.00015800
105.3	0.00015900
105.4	0.00016000
105.5	0.00016400
105.6	0.00016600
105.7	0.00017000
105.8	0.00017800
105.9	0.00019500
106	0.00019800
106.1	0.00019900
106.2	0.00019800
106.3	0.00019900
106.4	0.00020500
106.5	0.00021500
106.6	0.00022800
106.7	0.00023700
106.8	0.00022900
106.9	0.00021600
107	0.00020000
107.1	0.00018700
107.2	0.00017800
107.3	0.00017400
107.4	0.00017100
107.5	0.00017000
107.6	0.00017000
107.7	0.00017100
107.8	0.00017300
107.9	0.00017500
108	0.00017400
108.1	0.00017300
108.2	0.00017000
108.3	0.00016900
108.4	0.00016900
108.5	0.00016900
108.6	0.00016800
108.7	0.00016700
108.8	0.00016700
108.9	0.00016700
109	0.00016700
109.1	0.00016800
109.2	0.00016900
109.3	0.00017100
109.4	0.00017500
109.5	0.00017800
109.6	0.00018100
109.7	0.00018900
109.8	0.00020200
109.9	0.00022000
110	0.00021600
110.1	0.00019400
110.2	0.00018100
110.3	0.00017800
110.4	0.00017600
110.5	0.00017500
110.6	0.00017400
110.7	0.00017300
110.8	0.00017200
110.9	0.00017100
111	0.00017100
111.1	0.00017100
111.2	0.00017000
111.3	0.00017000
111.4	0.00017000
111.5	0.00017000
111.6	0.00017000
111.7	0.00017000
111.8	0.00017000
111.9	0.00017100
112	0.00017000
112.1	0.00017100
112.2	0.00017100
112.3	0.00017100
112.4	0.00017200
112.5	0.00017200
112.6	0.00017200
112.7	0.00017200
112.8	0.00017200
112.9	0.00017300
113	0.00017300
113.1	0.00017300
113.2	0.00017300
113.3	0.00017300
113.4	0.00017400
113.5	0.00017400
113.6	0.00017400
113.7	0.00017400
113.8	0.00017500
113.9	0.00017500
114	0.00017500
114.1	0.00017500
114.2	0.00017500
114.3	0.00017500
114.4	0.00017600
114.5	0.00017600
114.6	0.00017600
114.7	0.00017600
114.8	0.00017700
114.9	0.00017700
115	0.00017700
115.1	0.00017700
115.2	0.00017800
115.3	0.00017900
115.4	0.00017900
115.5	0.00017900
115.6	0.00018000
115.7	0.00018000
115.8	0.00018000
115.9	0.00018000
116	0.00018100
116.1	0.00018100
116.2	0.00018100
116.3	0.00018100
116.4	0.00018200
116.5	0.00018300
116.6	0.00018400
116.7	0.00018600
116.8	0.00018800
116.9	0.00019100
117	0.00019300
117.1	0.00019500
117.2	0.00019600
117.3	0.00019800
117.4	0.00020200
117.5	0.00020400
117.6	0.00020400
117.7	0.00020200
117.8	0.00019800
117.9	0.00019500
118	0.00019300
118.1	0.00019000
118.2	0.00018900
118.3	0.00019100
118.4	0.00019200
118.5	0.00019200
118.6	0.00019100
118.7	0.00019000
118.8	0.00019000
118.9	0.00019100
119	0.00018900
119.1	0.00018700
119.2	0.00018700
119.3	0.00018700
119.4	0.00018700
119.5	0.00018800
119.6	0.00018800
119.7	0.00018900
119.8	0.00018900
119.9	0.00019000
120	0.00019100
120.1	0.00019100
120.2	0.00019200
120.3	0.00019200
120.4	0.00019300
120.5	0.00019300
120.6	0.00019300
120.7	0.00019300
120.8	0.00019300
120.9	0.00019300
121	0.00019400
121.1	0.00019300
121.2	0.00019400
121.3	0.00019500
121.4	0.00019500
121.5	0.00019500
121.6	0.00019500
121.7	0.00019600
121.8	0.00019600
121.9	0.00019600
122	0.00019800
122.1	0.00019900
122.2	0.00020100
122.3	0.00020300
122.4	0.00020200
122.5	0.00020200
122.6	0.00020100
122.7	0.00019900
122.8	0.00019800
122.9	0.00019900
123	0.00020200
123.1	0.00020000
123.2	0.00019900
123.3	0.00020100
123.4	0.00020200
123.5	0.00020100
123.6	0.00020200
123.7	0.00020100
123.8	0.00020100
123.9	0.00020100
124	0.00020200
124.1	0.00020400
124.2	0.00020500
124.3	0.00020600
124.4	0.00020700
124.5	0.00020900
124.6	0.00021200
124.7	0.00021600
124.8	0.00022000
124.9	0.00022600
125	0.00022600
125.1	0.00022400
125.2	0.00022500
125.3	0.00022800
125.4	0.00023300
125.5	0.00023900
125.6	0.00024800
125.7	0.00025800
125.8	0.00027000
125.9	0.00029200
126	0.00032200
126.1	0.00036700
126.2	0.00042900
126.3	0.00050200
126.4	0.00058300
126.5	0.00059000
126.6	0.00048900
126.7	0.00040400
126.8	0.00039600
126.9	0.00036100
127	0.00033900
127.1	0.00032200
127.2	0.00030000
127.3	0.00028100
127.4	0.00026400
127.5	0.00025400
127.6	0.00024600
127.7	0.00024000
127.8	0.00023500
127.9	0.00023500
128	0.00023300
128.1	0.00023000
128.2	0.00022800
128.3	0.00022600
128.4	0.00022500
128.5	0.00022500
128.6	0.00022400
128.7	0.00022400
128.8	0.00022300
128.9	0.00022300
129	0.00022400
129.1	0.00022400
129.2	0.00022400
129.3	0.00022400
129.4	0.00022400
129.5	0.00022300
129.6	0.00022300
129.7	0.00022300
129.8	0.00022300
129.9	0.00022400
130	0.00022400
130.1	0.00022500
130.2	0.00022500
130.3	0.00022600
130.4	0.00022700
130.5	0.00022900
130.6	0.00023200
130.7	0.00023300
130.8	0.00023400
130.9	0.00023200
131	0.00023100
131.1	0.00023100
131.2	0.00023300
131.3	0.00023200
131.4	0.00023200
131.5	0.00023300
131.6	0.00023200
131.7	0.00023100
131.8	0.00023100
131.9	0.00023100
132	0.00023100
132.1	0.00023200
132.2	0.00023000
132.3	0.00023000
132.4	0.00023200
132.5	0.00023500
132.6	0.00023700
132.7	0.00023800
132.8	0.00023800
132.9	0.00023800
133	0.00023600
133.1	0.00023600
133.2	0.00023600
133.3	0.00023600
133.4	0.00023600
133.5	0.00023600
133.6	0.00023600
133.7	0.00023800
133.8	0.00024000
133.9	0.00024200
134	0.00024800
134.1	0.00025500
134.2	0.00026200
134.3	0.00027100
134.4	0.00028000
134.5	0.00028300
134.6	0.00027200
134.7	0.00029700
134.8	0.00031600
134.9	0.00031400
135	0.00030000
135.1	0.00030700
135.2	0.00029900
135.3	0.00030200
135.4	0.00033800
135.5	0.00039700
135.6	0.00040200
135.7	0.00038200
135.8	0.00034500
135.9	0.00032200
136	0.00032500
136.1	0.00033200
136.2	0.00033700
136.3	0.00035600
136.4	0.00035900
136.5	0.00034800
136.6	0.00032200
136.7	0.00029900
136.8	0.00029100
136.9	0.00029400
137	0.00029100
137.1	0.00029100
137.2	0.00030000
137.3	0.00032300
137.4	0.00036400
137.5	0.00038600
137.6	0.00034800
137.7	0.00031300
137.8	0.00029500
137.9	0.00029000
138	0.00028500
138.1	0.00028700
138.2	0.00028700
138.3	0.00028300
138.4	0.00027600
138.5	0.00027400
138.6	0.00027500
138.7	0.00027900
138.8	0.00029000
138.9	0.00031500
139	0.00037700
139.1	0.00046900
139.2	0.00052500
139.3	0.00053600
139.4	0.00050800
139.5	0.00044400
139.6	0.00040500
139.7	0.00039000
139.8	0.00039900
139.9	0.00041800
140	0.00041800
140.1	0.00039800
140.2	0.00037300
140.3	0.00036100
140.4	0.00035900
140.5	0.00038000
140.6	0.00040000
140.7	0.00041100
140.8	0.00042500
140.9	0.00043500
141	0.00044400
141.1	0.00040900
141.2	0.00036100
141.3	0.00032600
141.4	0.00030700
141.5	0.00030000
141.6	0.00029600
141.7	0.00029100
141.8	0.00028900
141.9	0.00029000
142	0.00029700
142.1	0.00029700
142.2	0.00029100
142.3	0.00028700
142.4	0.00028900
142.5	0.00028700
142.6	0.00028300
142.7	0.00027700
142.8	0.00027600
142.9	0.00027400
143	0.00027200
143.1	0.00027200
143.2	0.00027400
143.3	0.00027400
143.4	0.00027300
143.5	0.00027200
143.6	0.00027200
143.7	0.00027600
143.8	0.00028200
143.9	0.00027900
144	0.00027900
144.1	0.00028000
144.2	0.00028500
144.3	0.00028700
144.4	0.00028000
144.5	0.00028000
144.6	0.00027900
144.7	0.00027600
144.8	0.00027500
144.9	0.00027500
145	0.00027700
145.1	0.00027700
145.2	0.00027600
145.3	0.00027500
145.4	0.00027500
145.5	0.00027500
145.6	0.00027400
145.7	0.00027500
145.8	0.00027700
145.9	0.00027900
146	0.00028000
146.1	0.00027900
146.2	0.00027900
146.3	0.00027700
146.4	0.00027800
146.5	0.00027900
146.6	0.00028000
146.7	0.00028100
146.8	0.00028100
146.9	0.00027900
147	0.00027800
147.1	0.00027800
147.2	0.00027800
147.3	0.00027800
147.4	0.00027800
147.5	0.00027800
147.6	0.00027900
147.7	0.00028100
147.8	0.00028200
147.9	0.00028300
148	0.00028300
148.1	0.00028300
148.2	0.00028400
148.3	0.00028600
148.4	0.00028600
148.5	0.00028500
148.6	0.00028500
148.7	0.00028500
148.8	0.00028600
148.9	0.00028700
149	0.00028800
149.1	0.00028900
149.2	0.00028900
149.3	0.00028900
149.4	0.00029000
149.5	0.00029300
149.6	0.00029600
149.7	0.00029800
149.8	0.00030100
149.9	0.00030300
150	0.00030200
150.1	0.00030200
150.2	0.00030200
150.3	0.00030000
150.4	0.00029900
150.5	0.00030200
150.6	0.00030200
150.7	0.00030200
150.8	0.00030300
150.9	0.00030200
151	0.00030200
151.1	0.00030100
151.2	0.00030100
151.3	0.00030200
151.4	0.00030400
151.5	0.00030400
151.6	0.00030400
151.7	0.00030400
151.8	0.00030600
151.9	0.00030600
152	0.00030600
152.1	0.00030800
152.2	0.00031000
152.3	0.00031100
152.4	0.00031300
152.5	0.00031400
152.6	0.00031500
152.7	0.00031800
152.8	0.00032100
152.9	0.00032400
153	0.00032800
153.1	0.00033000
153.2	0.00033700
153.3	0.00034800
153.4	0.00034600
153.5	0.00035200
153.6	0.00035400
153.7	0.00034100
153.8	0.00034700
153.9	0.00035100
154	0.00035600
154.1	0.00036100
154.2	0.00035600
154.3	0.00035700
154.4	0.00035300
154.5	0.00034400
154.6	0.00034000
154.7	0.00034000
154.8	0.00034000
154.9	0.00033600
155	0.00033500
155.1	0.00033100
155.2	0.00032600
155.3	0.00032400
155.4	0.00032600
155.5	0.00032900
155.6	0.00033200
155.7	0.00033900
155.8	0.00034500
155.9	0.00034400
156	0.00034200
156.1	0.00033300
156.2	0.00032900
156.3	0.00032700
156.4	0.00032800
156.5	0.00033000
156.6	0.00033100
156.7	0.00033200
156.8	0.00033400
156.9	0.00033700
157	0.00034000
157.1	0.00034000
157.2	0.00033900
157.3	0.00034100
157.4	0.00034200
157.5	0.00034300
157.6	0.00034300
157.7	0.00034500
157.8	0.00034600
157.9	0.00034600
158	0.00034800
158.1	0.00035100
158.2	0.00035500
158.3	0.00036200
158.4	0.00036900
158.5	0.00037700
158.6	0.00039000
158.7	0.00041200
158.8	0.00043900
158.9	0.00045300
159	0.00045700
159.1	0.00047700
159.2	0.00051400
159.3	0.00052600
159.4	0.00052100
159.5	0.00053200
159.6	0.00051700
159.7	0.00049200
159.8	0.00048400
159.9	0.00051200
160	0.00053800
160.1	0.00053600
160.2	0.00051500
160.3	0.00048900
160.4	0.00048800
160.5	0.00050100
160.6	0.00051900
160.7	0.00055100
160.8	0.00059300
160.9	0.00063700
161	0.00066900
161.1	0.00069300
161.2	0.00074700
161.3	0.00082200
161.4	0.00083100
161.5	0.00074400
161.6	0.00061200
161.7	0.00060500
161.8	0.00055600
161.9	0.00050400
162	0.00048800
162.1	0.00048600
162.2	0.00049100
162.3	0.00050800
162.4	0.00052200
162.5	0.00050800
162.6	0.00051800
162.7	0.00053100
162.8	0.00052700
162.9	0.00053500
163	0.00053700
163.1	0.00053200
163.2	0.00052500
163.3	0.00051100
163.4	0.00050000
163.5	0.00049000
163.6	0.00046600
163.7	0.00044200
163.8	0.00043100
163.9	0.00042600
164	0.00041500
164.1	0.00040800
164.2	0.00040300
164.3	0.00039900
164.4	0.00039800
164.5	0.00040000
164.6	0.00040200
164.7	0.00040500
164.8	0.00040900
164.9	0.00041200
165	0.00041700
165.1	0.00042100
165.2	0.00042700
165.3	0.00043100
165.4	0.00043600
165.5	0.00044000
165.6	0.00044400
165.7	0.00044700
165.8	0.00045200
165.9	0.00045800
166	0.00046600
166.1	0.00047300
166.2	0.00047900
166.3	0.00048600
166.4	0.00049200
166.5	0.00049800
166.6	0.00050300
166.7	0.00051000
166.8	0.00051600
166.9	0.00052300
167	0.00052900
167.1	0.00053400
167.2	0.00054200
167.3	0.00055600
167.4	0.00056300
167.5	0.00054800
167.6	0.00055000
167.7	0.00056200
167.8	0.00054700
167.9	0.00052000
168	0.00049700
168.1	0.00048700
168.2	0.00048400
168.3	0.00047900
168.4	0.00046200
168.5	0.00045600
168.6	0.00045800
168.7	0.00046000
168.8	0.00045600
168.9	0.00045500
169	0.00044700
169.1	0.00044200
169.2	0.00044800
169.3	0.00045200
169.4	0.00044500
169.5	0.00043900
169.6	0.00044100
169.7	0.00045100
169.8	0.00046200
169.9	0.00046400
170	0.00046500
170.1	0.00045900
170.2	0.00045600
170.3	0.00045500
170.4	0.00045400
170.5	0.00046300
170.6	0.00047300
170.7	0.00047000
170.8	0.00046400
170.9	0.00045700
171	0.00044800
171.1	0.00043600
171.2	0.00042700
171.3	0.00042200
171.4	0.00042100
171.5	0.00042000
171.6	0.00042200
171.7	0.00042200
171.8	0.00042100
171.9	0.00042100
172	0.00042200
172.1	0.00042400
172.2	0.00042700
172.3	0.00042800
172.4	0.00043000
172.5	0.00043300
172.6	0.00043500
172.7	0.00043700
172.8	0.00043700
172.9	0.00044400
173	0.00045300
173.1	0.00045400
173.2	0.00045200
173.3	0.00044800
173.4	0.00044700
173.5	0.00044800
173.6	0.00044900
173.7	0.00045000
173.8	0.00045200
173.9	0.00045400
174	0.00045500
174.1	0.00045700
174.2	0.00046100
174.3	0.00046200
174.4	0.00046700
174.5	0.00047300
174.6	0.00047800
174.7	0.00048100
174.8	0.00048600
174.9	0.00049900
175	0.00050100
175.1	0.00050200
175.2	0.00050200
175.3	0.00051400
175.4	0.00052900
175.5	0.00054300
175.6	0.00055400
175.7	0.00059800
175.8	0.00065100
175.9	0.00070200
176	0.00076300
176.1	0.00084000
176.2	0.00092000
176.3	0.00094600
176.4	0.00105200
176.5	0.00108800
176.6	0.00095900
176.7	0.00083700
176.8	0.00071400
176.9	0.00066300
177	0.00063900
177.1	0.00063600
177.2	0.00062000
177.3	0.00059300
177.4	0.00057200
177.5	0.00056000
177.6	0.00055300
177.7	0.00054300
177.8	0.00054100
177.9	0.00054400
178	0.00054600
178.1	0.00054300
178.2	0.00054900
178.3	0.00055400
178.4	0.00056800
178.5	0.00057900
178.6	0.00059300
178.7	0.00062000
178.8	0.00062400
178.9	0.00061500
179	0.00067600
179.1	0.00075900
179.2	0.00073900
179.3	0.00074900
179.4	0.00079800
179.5	0.00078400
179.6	0.00077400
179.7	0.00077000
179.8	0.00073800
179.9	0.00072300
180	0.00074900
180.1	0.00082000
180.2	0.00090500
180.3	0.00103900
180.4	0.00123300
180.5	0.00133700
180.6	0.00124400
180.7	0.00110100
180.8	0.00099000
180.9	0.00083000
181	0.00078100
181.1	0.00076000
181.2	0.00074200
181.3	0.00076500
181.4	0.00082500
181.5	0.00093500
181.6	0.00091400
181.7	0.00088300
181.8	0.00092700
181.9	0.00096500
182	0.00093100
182.1	0.00083200
182.2	0.00077300
182.3	0.00077000
182.4	0.00077500
182.5	0.00078600
182.6	0.00077300
182.7	0.00071600
182.8	0.00065100
182.9	0.00063300
183	0.00061800
183.1	0.00061100
183.2	0.00059900
183.3	0.00059400
183.4	0.00059800
183.5	0.00060900
183.6	0.00060000
183.7	0.00058800
183.8	0.00057600
183.9	0.00057000
184	0.00056100
184.1	0.00054900
184.2	0.00054900
184.3	0.00055200
184.4	0.00055900
184.5	0.00056000
184.6	0.00055300
184.7	0.00055500
184.8	0.00055900
184.9	0.00055700
185	0.00055200
185.1	0.00054200
185.2	0.00054400
185.3	0.00055200
185.4	0.00055800
185.5	0.00056200
185.6	0.00056200
185.7	0.00055700
185.8	0.00054900
185.9	0.00054300
186	0.00054300
186.1	0.00054400
186.2	0.00054700
186.3	0.00054800
186.4	0.00054800
186.5	0.00055100
186.6	0.00055300
186.7	0.00055700
186.8	0.00055500
186.9	0.00055400
187	0.00055500
187.1	0.00055300
187.2	0.00055300
187.3	0.00055500
187.4	0.00055900
187.5	0.00056200
187.6	0.00056400
187.7	0.00056700
187.8	0.00057100
187.9	0.00057600
188	0.00057600
188.1	0.00057300
188.2	0.00057300
188.3	0.00057800
188.4	0.00058900
188.5	0.00060400
188.6	0.00060600
188.7	0.00059900
188.8	0.00060000
188.9	0.00061400
189	0.00062100
189.1	0.00062100
189.2	0.00062000
189.3	0.00060400
189.4	0.00059600
189.5	0.00059300
189.6	0.00059300
189.7	0.00059600
189.8	0.00060100
189.9	0.00060700
190	0.00060800
190.1	0.00060600
190.2	0.00060900
190.3	0.00061300
190.4	0.00061700
190.5	0.00061500
190.6	0.00062100
190.7	0.00063000
190.8	0.00063500
190.9	0.00063400
191	0.00063100
191.1	0.00063300
191.2	0.00065100
191.3	0.00065200
191.4	0.00063200
191.5	0.00062000
191.6	0.00060700
191.7	0.00062200
191.8	0.00063400
191.9	0.00063700
192	0.00063800
192.1	0.00064100
192.2	0.00064300
192.3	0.00064200
192.4	0.00064100
192.5	0.00063900
192.6	0.00063800
192.7	0.00063900
192.8	0.00064300
192.9	0.00065000
193	0.00064300
193.1	0.00065200
193.2	0.00065600
193.3	0.00065400
193.4	0.00065900
193.5	0.00066800
193.6	0.00067700
193.7	0.00069000
193.8	0.00072500
193.9	0.00074500
194	0.00077200
194.1	0.00081500
194.2	0.00088100
194.3	0.00089800
194.4	0.00087600
194.5	0.00091200
194.6	0.00099900
194.7	0.00112300
194.8	0.00116400
194.9	0.00114600
195	0.00106600
195.1	0.00101000
195.2	0.00099500
195.3	0.00102100
195.4	0.00104300
195.5	0.00100400
195.6	0.00094800
195.7	0.00091000
195.8	0.00088100
195.9	0.00087800
196	0.00086800
196.1	0.00082500
196.2	0.00079000
196.3	0.00077000
196.4	0.00074000
196.5	0.00071600
196.6	0.00070900
196.7	0.00070600
196.8	0.00070400
196.9	0.00070600
197	0.00071600
197.1	0.00071700
197.2	0.00072000
197.3	0.00071900
197.4	0.00072700
197.5	0.00074100
197.6	0.00075600
197.7	0.00076500
197.8	0.00078000
197.9	0.00080500
198	0.00082000
198.1	0.00082000
198.2	0.00082500
198.3	0.00082800
198.4	0.00083400
198.5	0.00084600
198.6	0.00087000
198.7	0.00090100
198.8	0.00094900
198.9	0.00102500
199	0.00111600
199.1	0.00117600
199.2	0.00116500
199.3	0.00106800
199.4	0.00099900
199.5	0.00093100
199.6	0.00088800
199.7	0.00086100
199.8	0.00084300
199.9	0.00082400
200	0.00080900
200.1	0.00081000
200.2	0.00082200
200.3	0.00082000
200.4	0.00083100
200.5	0.00085700
200.6	0.00089000
200.7	0.00090500
200.8	0.00088700
200.9	0.00088500
201	0.00090200
201.1	0.00093800
201.2	0.00097700
201.3	0.00099200
201.4	0.00098600
201.5	0.00102000
201.6	0.00103300
201.7	0.00103800
201.8	0.00105000
201.9	0.00103100
202	0.00103200
202.1	0.00102600
202.2	0.00104600
202.3	0.00104100
202.4	0.00101100
202.5	0.00099000
202.6	0.00093800
202.7	0.00093600
202.8	0.00096300
202.9	0.00100900
203	0.00101100
203.1	0.00096300
203.2	0.00092800
203.3	0.00093400
203.4	0.00097300
203.5	0.00095400
203.6	0.00090000
203.7	0.00088300
203.8	0.00091600
203.9	0.00094400
204	0.00095200
204.1	0.00095400
204.2	0.00095900
204.3	0.00095900
204.4	0.00096200
204.5	0.00097000
204.6	0.00099200
204.7	0.00098400
204.8	0.00099200
204.9	0.00100700
205	0.00102100
205.1	0.00104700
205.2	0.00111900
205.3	0.00108800
205.4	0.00107500
205.5	0.00106700
205.6	0.00105900
205.7	0.00104600
205.8	0.00103900
205.9	0.00103100
206	0.00101500
206.1	0.00102100
206.2	0.00104800
206.3	0.00107800
206.4	0.00115200
206.5	0.00118700
206.6	0.00120700
206.7	0.00116500
206.8	0.00111300
206.9	0.00108000
207	0.00108500
207.1	0.00109500
207.2	0.00109200
207.3	0.00110900
207.4	0.00114600
207.5	0.00116700
207.6	0.00118600
207.7	0.00120300
207.8	0.00120300
207.9	0.00117200
208	0.00114400
208.1	0.00117300
208.2	0.00122300
208.3	0.00127600
208.4	0.00127700
208.5	0.00127200
208.6	0.00125200
208.7	0.00122600
208.8	0.00119200
208.9	0.00113600
209	0.00110600
209.1	0.00115100
209.2	0.00119000
209.3	0.00112100
209.4	0.00111700
209.5	0.00112600
209.6	0.00113700
209.7	0.00115800
209.8	0.00119900
209.9	0.00126400
210	0.00131500
210.1	0.00131300
210.2	0.00127800
210.3	0.00127600
210.4	0.00125800
210.5	0.00125300
210.6	0.00126600
210.7	0.00129200
210.8	0.00133900
210.9	0.00138100
211	0.00137700
211.1	0.00140500
211.2	0.00138300
211.3	0.00137800
211.4	0.00145300
211.5	0.00157300
211.6	0.00152900
211.7	0.00154900
211.8	0.00156200
211.9	0.00159000
212	0.00163500
212.1	0.00168900
212.2	0.00174500
212.3	0.00183100
212.4	0.00196300
212.5	0.00206700
212.6	0.00210700
212.7	0.00223900
212.8	0.00245100
212.9	0.00271300
213	0.00294100
213.1	0.00296400
213.2	0.00318000
213.3	0.00352200
213.4	0.00406100
213.5	0.00453700
213.6	0.00458400
213.7	0.00422300
213.8	0.00359900
213.9	0.00302300
214	0.00251500
214.1	0.00219900
214.2	0.00197800
214.3	0.00178900
214.4	0.00165800
214.5	0.00158000
214.6	0.00149500
214.7	0.00135100
214.8	0.00140300
214.9	0.00149000
215	0.00151900
215.1	0.00161700
215.2	0.00167700
215.3	0.00162800
215.4	0.00155300
215.5	0.00152200
215.6	0.00141000
215.7	0.00123700
215.8	0.00112300
215.9	0.00106900
216	0.00108900
216.1	0.00109100
216.2	0.00108400
216.3	0.00104600
216.4	0.00101200
216.5	0.00102400
216.6	0.00107000
216.7	0.00105800
216.8	0.00107600
216.9	0.00107200
217	0.00103300
217.1	0.00101000
217.2	0.00102100
217.3	0.00104300
217.4	0.00105900
217.5	0.00107400
217.6	0.00108900
217.7	0.00111600
217.8	0.00114200
217.9	0.00117300
218	0.00120700
218.1	0.00122500
218.2	0.00122200
218.3	0.00123800
218.4	0.00127600
218.5	0.00131800
218.6	0.00138300
218.7	0.00145500
218.8	0.00154100
218.9	0.00164900
219	0.00175100
219.1	0.00182500
219.2	0.00188400
219.3	0.00191200
219.4	0.00188500
219.5	0.00185000
219.6	0.00187200
219.7	0.00193600
219.8	0.00201500
219.9	0.00202100
220	0.00192400
220.1	0.00188900
220.2	0.00189000
220.3	0.00190400
220.4	0.00200800
220.5	0.00205300
220.6	0.00209000
220.7	0.00206700
220.8	0.00201800
220.9	0.00198000
221	0.00200400
221.1	0.00193000
221.2	0.00184400
221.3	0.00182200
221.4	0.00181300
221.5	0.00182300
221.6	0.00192000
221.7	0.00210400
221.8	0.00214100
221.9	0.00195500
222	0.00187000
222.1	0.00186600
222.2	0.00193200
222.3	0.00194900
222.4	0.00203400
222.5	0.00221900
222.6	0.00241700
222.7	0.00248200
222.8	0.00217200
222.9	0.00189200
223	0.00208000
223.1	0.00220400
223.2	0.00206600
223.3	0.00178900
223.4	0.00159000
223.5	0.00144200
223.6	0.00136000
223.7	0.00134900
223.8	0.00139800
223.9	0.00151100
224	0.00157700
224.1	0.00146900
224.2	0.00142900
224.3	0.00143300
224.4	0.00145500
224.5	0.00144000
224.6	0.00143700
224.7	0.00144600
224.8	0.00147100
224.9	0.00151000
225	0.00155200
225.1	0.00159600
225.2	0.00161800
225.3	0.00161200
225.4	0.00160000
225.5	0.00159700
225.6	0.00156300
225.7	0.00153100
225.8	0.00149900
225.9	0.00149900
226	0.00151100
226.1	0.00154300
226.2	0.00154400
226.3	0.00152000
226.4	0.00149100
226.5	0.00147100
226.6	0.00148300
226.7	0.00149300
226.8	0.00149200
226.9	0.00152200
227	0.00155900
227.1	0.00158000
227.2	0.00164000
227.3	0.00169700
227.4	0.00173900
227.5	0.00178600
227.6	0.00182000
227.7	0.00186700
227.8	0.00193900
227.9	0.00203800
228	0.00217000
228.1	0.00230700
228.2	0.00245900
228.3	0.00262200
228.4	0.00275400
228.5	0.00289100
228.6	0.00300700
228.7	0.00313300
228.8	0.00319700
228.9	0.00337200
229	0.00345100
229.1	0.00331300
229.2	0.00301400
229.3	0.00275200
229.4	0.00260500
229.5	0.00257000
229.6	0.00257700
229.7	0.00267000
229.8	0.00280100
229.9	0.00273900
230	0.00285300
230.1	0.00318000
230.2	0.00324500
230.3	0.00333100
230.4	0.00321900
230.5	0.00284400
230.6	0.00256600
230.7	0.00231500
230.8	0.00209000
230.9	0.00191100
231	0.00185900
231.1	0.00182200
231.2	0.00174700
231.3	0.00175000
231.4	0.00169300
231.5	0.00162000
231.6	0.00158300
231.7	0.00156700
231.8	0.00154600
231.9	0.00152100
232	0.00150000
232.1	0.00148400
232.2	0.00150600
232.3	0.00153700
232.4	0.00161000
232.5	0.00169000
232.6	0.00170200
232.7	0.00161200
232.8	0.00160200
232.9	0.00168200
233	0.00162700
233.1	0.00154100
233.2	0.00151400
233.3	0.00152600
233.4	0.00159800
233.5	0.00167800
233.6	0.00170000
233.7	0.00168000
233.8	0.00166100
233.9	0.00165600
234	0.00163600
234.1	0.00161800
234.2	0.00160900
234.3	0.00162200
234.4	0.00164500
234.5	0.00165200
234.6	0.00163000
234.7	0.00166100
234.8	0.00170600
234.9	0.00178700
235	0.00188600
235.1	0.00192800
235.2	0.00199600
235.3	0.00217400
235.4	0.00226800
235.5	0.00226300
235.6	0.00224000
235.7	0.00224500
235.8	0.00223900
235.9	0.00222000
236	0.00225500
236.1	0.00226500
236.2	0.00218200
236.3	0.00204300
236.4	0.00190700
236.5	0.00182600
236.6	0.00175000
236.7	0.00170900
236.8	0.00169000
236.9	0.00167800
237	0.00166800
237.1	0.00165900
237.2	0.00167000
237.3	0.00169600
237.4	0.00171000
237.5	0.00169700
237.6	0.00169300
237.7	0.00172900
237.8	0.00179200
237.9	0.00183900
238	0.00188300
238.1	0.00189200
238.2	0.00187700
238.3	0.00189200
238.4	0.00193500
238.5	0.00198700
238.6	0.00203800
238.7	0.00212300
238.8	0.00212400
238.9	0.00214100
239	0.00215700
239.1	0.00217100
239.2	0.00218800
239.3	0.00221100
239.4	0.00223500
239.5	0.00227400
239.6	0.00232700
239.7	0.00235700
239.8	0.00240000
239.9	0.00245100
240	0.00249700
240.1	0.00252700
240.2	0.00256100
240.3	0.00257500
240.4	0.00259400
240.5	0.00266600
240.6	0.00271200
240.7	0.00265300
240.8	0.00262300
240.9	0.00260700
241	0.00259800
241.1	0.00260800
241.2	0.00261000
241.3	0.00266600
241.4	0.00269800
241.5	0.00261900
241.6	0.00262200
241.7	0.00268200
241.8	0.00278500
241.9	0.00291300
242	0.00299300
242.1	0.00302400
242.2	0.00313600
242.3	0.00324900
242.4	0.00329500
242.5	0.00325800
242.6	0.00326500
242.7	0.00331400
242.8	0.00328300
242.9	0.00322200
243	0.00321400
243.1	0.00322900
243.2	0.00322500
243.3	0.00337400
243.4	0.00330800
243.5	0.00340400
243.6	0.00342200
243.7	0.00322300
243.8	0.00323300
243.9	0.00344500
244	0.00341400
244.1	0.00351600
244.2	0.00374100
244.3	0.00384800
244.4	0.00387900
244.5	0.00384000
244.6	0.00388500
244.7	0.00378700
244.8	0.00367100
244.9	0.00363100
245	0.00377500
245.1	0.00396800
245.2	0.00415000
245.3	0.00422600
245.4	0.00411200
245.5	0.00413100
245.6	0.00414500
245.7	0.00420400
245.8	0.00414600
245.9	0.00381000
246	0.00361900
246.1	0.00355300
246.2	0.00346800
246.3	0.00335500
246.4	0.00320900
246.5	0.00311500
246.6	0.00306500
246.7	0.00310800
246.8	0.00313600
246.9	0.00316700
247	0.00312300
247.1	0.00315400
247.2	0.00321000
247.3	0.00325400
247.4	0.00337900
247.5	0.00350300
247.6	0.00346100
247.7	0.00338300
247.8	0.00334200
247.9	0.00329800
248	0.00331500
248.1	0.00339900
248.2	0.00358000
248.3	0.00384200
248.4	0.00393500
248.5	0.00381300
248.6	0.00379100
248.7	0.00394900
248.8	0.00409400
248.9	0.00405600
249	0.00409700
249.1	0.00410700
249.2	0.00405300
249.3	0.00392400
249.4	0.00391600
249.5	0.00391800
249.6	0.00387700
249.7	0.00381400
249.8	0.00387700
249.9	0.00389900
250	0.00394300
